59.4	247
54.9	238.9
59.1	252.9
66.3	265.3
51.1	251.7
63.9	249.4
53.7	261.5
71.9	245.6
45.2	267.7
58.8	254.2
65.0	253.2
60.2	246.7
42.0	260.4
50.1	259.6
52.5	256.7
65.1	262.8
64.1	259.3
51.9	244.7
56.4	281.3
57.2	255.8
57.0	271.1
64.5	251.9
55.0	259.5
57.6	253.7
57.9	258.2
52.7	267.1
51.3	271
52.6	279.4
52.2	287.7
56.8	260.4
68.1	266.7
55.0	256.1
59.2	267.9
64.6	242.9
47.3	252.7
57.9	260.3
43.2	264.2
58.5	249.8
58.4	271
47.4	272.7
53.4	268.2
59.8	244.3
56.0	263.9
61.2	280.4
55.6	280.1
50.2	261.7
52.4	256.5
57.1	268.8
72.3	265.9
57.3	261
49.5	273.9
50.4	263.1
58.5	246.7
68.4	267.1
65.3	254.7
60.3	254.1
49.3	245.8
60.7	273.7
58.7	255.8
68.2	261.8
50.5	251.3
54.0	275.7
57.4	266.1
55.8	259
43.5	261.9
60.9	259.7
61.6	287.3
61.1	259.1
55.7	243.2
54.9	267.9
58.1	265.5
46.0	258.7
59.0	253.9
55.3	257.7
57.3	264.3
48.1	251.9
61.7	278.8
57.9	270.3
55.1	256.7
61.8	253.2
60.4	266.2
58.4	259.2
52.6	259.6
45.1	281.8
56.1	268.5
59.6	277
54.4	248.9
52.4	270.8
65.1	268.3
56.4	257.2
61.7	247.6
54.7	237.3
52.3	278.5
55.1	266.4
48.8	279.9
53.8	259.9
58.7	266.9
53.0	247.8
59.5	235
67.4	257.1
61.6	269.1
59.5	257.8
57.9	266.7
57.5	258
56.2	254.2
53.6	262.6
65.8	268
55.7	251.6
59.1	266.9
53.4	264
64.2	264
72.2	261.5
68.4	272.9
55.7	264.4
54.7	269.9
58.2	258.7
68.2	260.6
52.6	271.3
67.7	257.2
61.6	271.3
69.1	258.3
56.0	261.9
67.3	270.7
55.2	273.4
68.1	270.9
59.1	271.4
47.5	265.9
54.5	265
56.7	256.5
53.4	259.6
65.5	278.1
53.5	275.1
71.9	260.8
68.9	278.8
63.2	279.1
58.7	253.5
58.7	274.5
61.8	272.3
69.6	261.4
64.4	270.2
52.8	271.4
72.9	276.3
51.6	266.1
51.6	268.1
68.5	265.1
60.1	257.7
59.7	261.8
50.2	271
39.9	269.9
58.7	268.1
60.8	269.2
57.7	268.1
66.9	237.5
60.3	256.7
46.3	276
54.7	249.7
62.9	274.1
65.2	263.7
63.4	262.5
70.5	269.7
48.7	258.4
69.0	266
63.1	259.6
55.3	263
58.8	244.5
50.6	270.8
50.3	280.3
49.1	279.9
54.7	265.4
50.7	260.5
51.3	264.8
65.0	280
47.8	278.2
43.7	257.9
61.5	282.4
60.3	273.6
58.9	278.4
45.6	283.8
53.4	286.8
45.0	271.5
52.4	274.1
52.2	271.7
53.9	271.3
67.9	270
51.3	258.2
58.6	260.8
48.1	264.6
54.7	261.4
59.9	270.7
65.9	255.9
60.8	267.9
71.8	272.6
63.5	263.1
70.1	265.4
70.0	268.9
60.5	261.1
60.7	257.8
68.9	263.9
66.3	240.6
65.5	275.6
70.6	299
47.8	263.1
58.6	256.8
59.2	271.6
56.5	282.2
56.9	266.2
46.4	265.6
60.5	256.9
56.8	251.1
63.4	268.9
51.8	275.6
55.3	258.2
63.6	273.3
50.1	274.2
59.7	259.1
51.6	262.1
57.7	260.9
55.9	245.1
66.8	252.9
58.2	270.1
52.5	264.1
62.8	261.3
67.8	259
58.8	280
65.0	260.6
63.6	260.7
65.6	270.8
51.2	259
57.6	281.2
60.5	281.8
56.9	279.7
52.5	253.3
58.2	270.9
56.3	275.7
54.4	266.7
66.9	270
57.0	245.1
58.8	242.2
64.5	253.7
55.5	265.5
45.4	270.7
71.8	267.1
43.7	270.2
67.1	281.5
62.5	272.3
67.5	266
79.1	278.1
68.0	269.3
71.6	267.5
71.1	283.8
52.3	264.3
59.8	256.6
62.9	266.4
60.9	263.7
49.0	263.1
61.7	254.3
62.2	273.7
60.3	273.6
54.8	274.4
83.2	281.7
70.8	265.9
65.6	277.7
59.0	254.5
55.9	282.4
61.4	261.6
69.8	245
62.8	279.1
70.9	288.3
72.3	270.3
71.5	274.7
63.6	260.4
71.6	256.1
79.0	273.3
55.0	271.5
64.3	270
51.1	257.5
60.1	280.7
48.5	282.5
53.5	292.8
46.6	249.4
43.4	274.2
63.5	282.4
61.7	266.5
54.8	249.5
46.8	278.4
66.8	276.6
64.9	270.6
61.6	272
51.8	263.6
60.0	249.1
68.3	260.1
60.7	256.5
59.6	273
60.9	276.7
74.0	279.3
64.6	245.8
58.7	266.5
66.5	279.3
67.8	260.7
65.8	249.9
55.3	256.1
76.0	268.5
56.1	263.6
48.3	262.6
63.0	255.1
76.6	248
63.8	266.9
63.1	259.5
71.0	292.4
67.2	285.3
61.5	281.2
55.9	274.4
67.5	276.5
60.8	275.8
67.0	265.2
66.3	264.2
58.7	284
66.5	285.2
71.7	274.4
63.8	266.3
57.8	267.7
59.6	257.8
69.4	279.8
53.9	282
54.0	281
54.6	275.6
66.8	270.2
55.9	271.5
64.6	282
64.0	266.2
61.1	276.6
50.8	266.1
67.5	263.5
70.6	271.3
59.6	274.8
52.9	275.1
70.7	276.8
64.1	271.2
58.9	256
63.8	256.6
62.7	271.5
60.9	261.6
61.8	272.4
63.4	287.8
69.2	270.6
60.1	261
74.2	263.8
64.0	276.8
63.0	287.3
73.0	251.6
55.5	277.6
57.7	272
49.9	274.7
63.0	257.8
64.4	261.6
67.0	249.2
45.9	270.7
48.5	271
71.1	247.7
58.7	269.2
56.5	275.3
73.2	266.4
64.3	258.7
59.7	252.6
59.8	245.2
71.4	257.5
70.7	261.9
62.1	249.4
66.7	253.1
64.7	271.3
60.8	267.8
58.1	252.3
63.9	267.6
69.0	285.2
67.5	259.1
61.4	254.6
57.2	276.5
61.9	271
54.3	279.1
52.6	292.1
64.9	269.1
64.7	264.2
56.8	258
79.2	273.7
73.6	269
64.1	259.2
66.9	264.6
69.9	276.7
80.2	256.4
64.5	267.8
71.4	266.1
63.2	261.2
56.2	259.7
69.3	275.8
63.6	256.6
68.2	252
57.2	276
63.4	260.4
55.8	262.1
67.9	273.8
58.3	264.1
70.7	273.8
72.5	277.8
55.4	282.5
48.5	256.2
67.8	269.3
58.4	276.9
61.9	260.4
67.0	267.8
64.1	289.8
68.6	260.9
79.6	265.1
63.3	243.9
49.9	265.5
63.2	259.9
63.0	293.3
56.9	278.3
55.7	270.6
52.3	283.5
57.9	275.6
75.9	278.7
55.6	282.9
52.0	247.6
59.0	294.3
59.1	270.7
66.5	260.5
55.2	254.3
67.0	269.9
74.8	257.6
66.0	260.6
56.3	267.1
77.9	295.2
75.5	253.4
67.7	293.5
71.8	289.9
67.0	270.8
55.0	269.2
70.0	265.9
78.4	259.4
64.9	259
66.7	265.8
73.9	257.8
62.1	282.6
66.5	257.3
68.7	264.9
70.2	260.7
83.6	246.4
65.9	240.1
64.7	267.7
68.7	275.2
59.8	261
60.0	273.5
70.8	249.5
59.3	278.6
54.4	264.3
59.2	276.1
71.3	285.9
60.4	282.7
69.3	254.9
59.1	269.9
69.4	253.6
60.6	264
73.3	250.2
50.1	253.8
73.5	257.9
88.6	264.9
61.6	269
61.7	273.5
67.1	249.7
59.2	272.9
73.9	247.7
60.8	243.1
59.8	275.9
63.7	257.5
66.2	280.7
51.8	271.9
66.4	276.3
61.9	254
69.2	263.1
57.0	278.1
52.8	286.2
60.3	262.8
44.5	287.3
49.8	278.8
77.3	252.1
33.9	291.6
52.9	259.4
41.8	260.6
48.8	268.8
60.6	270.6
71.1	264.2
71.3	262.1
65.3	260.1
55.7	268.6
60.8	261.7
61.5	249.7
64.6	262.1
54.8	267.6
73.0	247
74.3	255.4
73.0	245.4
74.8	246
65.0	258.6
65.2	260
74.7	260.9
59.4	291.8
67.8	262.5
62.9	246.3
62.4	254.1
72.6	281.3
83.6	283
63.0	256.7
65.7	266.8
66.9	269.7
67.9	278.3
68.2	273.8
75.2	277.1
71.5	266.4
65.7	296.5
63.0	275.2
68.9	264.7
69.7	270.2
49.3	278
62.5	269.9
56.9	264.2
66.5	271.8
51.8	280.2
59.1	277.2
57.9	284.9
60.1	265.4
67.4	278.1
57.3	289.3
60.9	278.6
54.9	295.8
64.7	270
58.0	277.4
50.0	283.4
53.7	291.8
83.7	265.4
59.5	248.3
63.6	256.4
71.7	272.1
67.6	279.6
64.7	278.2
61.5	287
47.9	279.7
63.5	272.6
65.9	266.4
63.4	274.7
65.6	256.3
67.2	274.2
70.9	258.2
71.9	280.7
62.9	265.4
52.3	291
67.6	265.8
71.8	282.4
63.7	281.7
91.8	277.1
57.5	260.9
54.4	274.3
61.4	272.8
65.7	273.8
61.8	260.9
62.9	277.4
53.3	258.6
63.7	270
71.9	261.2
61.7	246.9
58.8	268.3
60.8	290.2
60.5	259.1
62.5	270.4
54.7	265.5
56.4	266.1
64.2	253.9
61.9	270.8
78.3	264.4
61.8	282.2
62.5	265.6
52.7	301.5
57.3	278.8
43.9	278.6
52.3	276.9
65.3	259.2
58.2	269.3
57.6	270.2
51.7	276.8
56.4	266.8
61.2	264.7
64.1	270.8
56.8	264.8
83.8	252.7
63.9	287.5
75.6	265
64.1	274.6
70.6	274.6
63.2	263.4
60.5	289.3
52.4	278.8
66.5	263.5
73.8	281.1
62.1	278.9
72.8	273.9
65.1	284.6
66.6	266.1
79.0	264.7
40.4	291.1
70.5	257.5
62.8	254.7
76.6	268.1
71.8	279.8
66.4	294.3
78.2	263.1
74.3	289.3
65.9	261.9
66.0	269.8
79.1	273.5
75.0	258
80.0	271.7
68.0	285
80.9	265
74.7	263.2
89.6	273.5
70.1	250.7
62.4	274.5
77.7	263.7
71.6	275.5
68.2	288.2
71.6	273.5
76.6	262.3
70.6	268.6
64.8	293.3
71.0	290.7
76.0	277
57.4	292.6
75.4	267.5
76.5	289.1
81.6	262.9
67.7	267.5
56.2	295.4
67.0	253.9
63.4	275.6
67.1	274.3
78.4	274.9
65.4	283.3
70.1	270.5
61.5	278.5
78.6	274.8
66.5	286.1
67.1	272.6
70.8	262.6
72.2	272.2
61.2	254.6
68.8	279.4
74.9	274.2
67.9	262.5
69.7	272.2
74.2	274.8
82.8	276.3
80.0	257.7
69.8	277.2
78.6	263.5
70.7	285.6
75.0	271
75.5	278.8
81.1	294.6
79.8	276
87.9	268.9
87.3	282.2
64.2	266.7
67.6	279.7
86.5	258.3
82.2	267.2
73.7	264.2
81.0	258.8
74.7	273
72.2	282.8
65.6	284.5
77.3	287.2
72.0	286.6
76.2	270.2
69.4	284.3
60.3	283
68.9	274.3
67.5	283
75.2	276.7
76.8	247.5
80.3	277.6
80.0	276.7
73.0	276.7
79.6	273.8
74.7	263.8
68.1	269.5
63.7	274.4
66.8	292.2
64.2	276.5
72.3	270.5
69.2	275.5
71.2	277.4
75.3	273.9
72.3	286.9
58.8	294.6
58.7	273.9
73.3	282.8
79.0	288
76.0	282.1
74.0	270.3
65.9	279.9
71.9	288.2
81.7	281.5
82.3	276.2
69.6	278.1
84.5	282.3
72.9	266.5
63.4	282.2
73.5	282.8
63.6	274.8
64.6	276.5
76.9	277.1
64.8	279.4
91.1	280.6
70.4	281.8
69.1	279.1
62.4	288.1
78.2	283.1
78.9	275
72.5	290
67.4	280
87.9	287.6
76.9	270.7
71.4	280.7
80.5	274.2
73.3	280.8
76.7	293.7
65.8	264.9
73.2	280.4
72.6	281.2
69.0	276.3
79.1	279.6
64.4	307
74.5	277.8
92.9	299.5
74.8	278.4
80.2	288.2
72.4	259.5
80.4	288.6
61.3	287.5
72.2	280.7
65.7	276
76.3	280.2
80.3	281.2
77.4	271.3
75.1	254.6
68.7	276.4
62.4	293
81.5	263.5
80.6	281
75.2	266
68.0	271.2
78.8	265.6
67.2	250.5
78.0	270.5
57.8	271.3
60.5	262.6
66.3	247
62.1	259.2
61.9	262.4
58.9	260.4
70.5	246
65.8	250
62.6	277.9
62.4	268.6
76.1	256.1
66.0	276.1
47.1	274.2
66.0	265.7
55.5	267.1
62.2	265.4
68.3	275.6
49.9	275.6
81.0	277.3
65.8	291.9
65.1	280.7
63.7	267.1
57.1	271.5
67.7	263.6
68.7	266
56.1	278.5
71.9	263
64.6	271
53.7	270.1
54.4	265.6
65.0	267.6
46.3	259.4
61.4	264.4
71.3	264
61.5	268.1
61.9	263.1
64.8	272.1
50.0	273.2
72.7	267.4
61.5	267.3
49.9	272.8
64.4	252
55.9	256.6
60.1	268.5
69.1	258
64.4	270.3
47.9	278.4
51.0	265.8
58.3	269.3
51.6	267.9
67.6	268
55.6	259.2
54.9	276.7
61.2	281.3
64.6	278.2
66.2	255.8
69.5	245.1
68.2	254.8
65.2	246.8
64.9	258.1
58.0	272.6
67.6	270.6
40.5	294.6
61.3	251.3
53.3	265.7
58.3	271.1
56.4	273.8
71.3	271.7
54.2	256.5
59.1	265.4
63.1	263.3
69.7	276.4
61.4	262.5
60.0	256.6
56.0	262.5
69.2	267.1
60.2	271.7
65.8	265.5
60.7	255.8
60.8	268.4
45.7	247.2
56.9	282.7
54.6	266.3
65.1	272.3
62.8	264.5
55.1	269.5
56.8	263.1
61.8	279.6
59.4	274.2
57.3	265.5
56.8	266.9
61.5	288.9
48.9	284
46.7	282.2
61.5	269.5
62.1	275.7
52.1	284.8
74.7	257.9
62.2	290.1
66.7	281.4
67.5	268
65.1	269.4
61.9	272.9
52.5	279.5
53.3	269.2
64.5	276.6
70.9	282.6
49.5	263.5
68.2	258.6
58.8	280.7
63.0	263.3
57.1	280.9
54.0	262.8
47.4	275.6
69.6	267.2
60.2	288.9
44.0	281.8
48.4	281.9
51.4	272
58.5	273.9
63.5	271.3
59.1	271.2
58.7	285.8
53.2	287
45.0	280.5
56.0	284.1
52.1	290.6
63.7	284.4
58.0	282.3
57.4	303
61.7	288
60.9	285.2
60.7	278.3
44.2	291.4
64.9	279.4
59.7	278.2
52.4	283.6
64.7	275.4
59.4	268.3
69.1	270.7
58.5	270.6
49.3	284.9
61.1	269
51.5	261.9
59.4	255.5
60.6	263.6
58.0	273.7
55.9	268.8
65.2	260.4
59.1	275
65.8	258.7
60.1	272.2
63.3	244.2
53.7	275.9
65.4	262.9
62.3	271.7
62.8	262.7
65.0	266.7
60.3	259.8
56.5	273.2
61.5	257.8
65.1	263.6
58.9	265.3
58.1	292
69.9	266.4
59.1	277.1
61.1	265
58.9	260.1
58.3	272.7
49.6	271
69.5	265.3
52.4	266.4
69.0	277.1
61.7	263.2
52.6	253.7
56.6	264.2
63.0	262.8
67.8	273.2
65.4	266
56.1	255.3
59.0	263.4
68.8	278.1
59.1	239.9
56.0	274.9
49.2	287.4
61.4	277.8
52.3	262.4
63.5	268.2
56.8	276.4
53.1	269.5
48.5	265.3
50.4	282.5
52.7	280
64.3	273
52.2	286.5
58.6	261.2
65.5	269.5
63.7	278.6
68.8	270.9
50.1	254.5
66.9	275.2
44.5	282.1
55.5	272
51.8	288.6
70.0	261.6
59.1	255.5
58.5	262.3
56.7	266.2
70.1	269.2
62.3	257.8
65.6	280.6
57.3	266.7
63.0	283.7
48.5	277.5
67.0	262
36.4	270.8
51.8	265.9
39.5	268.7
63.5	257
63.7	271.2
64.4	257.2
56.7	255.3
54.9	273.9
54.7	250
57.3	256.5
62.5	275.9
54.2	268
60.5	268.7
62.4	273.3
66.2	270.3
60.8	264.3
51.9	268.4
63.0	263.8
62.8	277
49.7	259.2
51.7	278.7
59.1	259.3
52.6	260.7
65.0	249.4
55.9	275.5
55.6	260.5
63.2	273.8
56.1	275.7
67.7	285.8
54.4	265.7
67.9	272.3
65.3	257.7
63.3	276
66.1	269.7
59.4	265.3
53.1	262.7
57.5	269.8
59.7	280.7
71.2	279.5
60.4	268.2
63.3	275.7
56.4	275
48.6	274.3
61.0	273
73.9	246.7
57.2	271
68.1	271.1
74.5	256.1
55.8	289
63.4	266.2
53.9	270.1
56.2	267.1
75.8	272.4
62.3	265.4
52.6	281.1
62.1	262.4
62.0	243.6
63.5	265.3
74.1	255.6
56.8	262.1
60.9	267.1
53.5	271.5
67.3	266.5
75.5	264.8
56.7	283.3
67.0	258.8
46.8	275.7
57.9	275.8
56.9	261.4
70.1	247.9
54.5	267.7
62.1	262
41.7	278.7
52.8	276.5
54.3	268.9
63.5	278.3
63.3	245.7
72.6	273.6
55.9	263.4
62.3	243.5
60.7	266.8
49.9	274.1
56.8	268.9
59.4	285.1
57.5	267.3
49.1	284.9
59.5	272.8
64.4	264.2
56.8	271.4
62.2	265.1
67.2	282.4
71.9	249.3
61.1	270.3
66.3	256.5
58.4	260.1
65.4	277.2
60.8	272.1
62.3	266.1
56.6	272
60.1	248.9
53.4	278.9
61.2	256.4
62.2	276.8
61.5	265.1
64.4	261.3
63.2	266.6
60.8	251.8
66.5	253.8
64.9	263.9
63.0	248.7
53.2	280.6
55.9	265.2
67.5	267.8
59.1	275.9
61.7	262.3
72.2	266.4
66.0	256.4
51.4	262.4
52.5	269
62.1	277.9
60.2	258.9
74.0	259.9
51.6	277.1
54.3	280.5
45.3	283.6
60.1	257.5
65.4	283.9
53.1	263.7
67.0	249.7
57.9	262
70.0	251.8
51.0	270.2
68.6	259.5
57.1	290.4
66.0	286.6
56.7	261.1
40.1	272.5
51.8	258.9
48.7	270.7
57.1	269
44.6	261.2
48.8	262.6
59.1	247
66.0	264.8
67.2	279.6
58.6	275
79.3	262.7
57.9	268.8
62.5	271.2
51.2	263.2
62.3	277.1
73.4	272.7
59.6	268.3
56.0	278.3
66.4	268.1
53.4	281.2
71.9	275.8
62.7	259.3
74.4	267.7
71.0	274.2
61.9	268.8
53.0	265.5
76.9	262.3
66.1	269.7
64.9	258.4
60.4	270.6
62.3	255.4
58.4	261.4
56.7	258.1
51.1	272.2
57.7	261.4
73.3	275.9
47.2	279.3
56.1	249
74.1	250.2
63.7	274.7
49.7	279.1
56.6	269.3
56.2	258.9
67.1	261.2
57.9	268.4
57.4	261.4
49.2	264.9
64.9	243.3
59.0	248.5
42.7	270.9
62.7	264.4
76.4	263.4
60.0	254.9
55.9	272.3
58.8	269.9
55.0	254.4
65.4	257
71.0	253.3
57.8	256.8
70.6	277.5
60.7	265
78.6	255.3
54.9	273.8
55.4	269.5
72.8	274.3
54.7	260
61.1	249.3
67.7	266.7
72.5	273.2
53.4	278.4
51.5	277.2
63.2	252
72.8	282.4
60.8	258.9
59.8	257.6
63.6	269.3
51.0	281.2
55.6	284.3
56.4	260.9
49.8	255.9
52.7	278.7
65.3	272.8
63.9	287.9
64.8	258
71.7	273.8
57.2	247.7
66.2	260.4
76.7	260.5
47.5	277.9
52.8	282.3
61.8	247.3
46.9	259.5
57.9	271.3
65.8	243.3
72.6	259.6
66.7	253.3
75.4	266.7
68.2	261.1
63.9	264.1
72.5	266.6
63.3	268.2
65.2	275.3
71.3	264.5
56.3	265.7
65.2	266.8
69.4	247
60.4	257.8
73.6	244.8
56.5	273.5
58.0	269.4
65.7	263.6
63.8	267.5
57.8	273.1
57.7	271.2
65.7	244.8
58.0	262.1
62.1	283.2
71.5	245
65.6	260.8
69.6	269
62.5	268.2
59.9	258.6
71.2	263
49.0	277.7
60.3	258.7
54.1	254.3
62.9	264.6
61.4	267.2
65.5	241.8
47.2	268.1
58.3	264.8
63.4	257
65.6	267.6
66.6	269.2
69.8	267.6
57.2	248.1
62.0	268.4
68.7	255.9
55.9	265.9
53.0	270.7
68.1	271.8
60.3	264.3
53.1	267.5
39.4	294.5
68.5	260.5
65.2	286.7
52.3	265.5
60.0	272.7
49.9	274.7
47.2	279.4
51.1	257.2
55.7	272.9
55.2	275.7
56.9	264.7
61.9	263.3
73.1	262.3
49.4	264.4
56.9	257.7
60.5	263.7
40.2	287.2
51.2	275
50.8	274.7
57.1	270.3
50.1	271.6
50.6	272.2
56.8	287.1
70.0	247.6
63.0	251.2
59.8	274.2
52.6	273
58.7	284.9
64.0	260.7
47.3	271.2
64.3	244.3
61.4	298
74.5	250.5
67.6	263.2
61.0	255
68.4	265.1
70.7	264.3
69.2	252.8
64.8	250.4
61.9	283.7
59.1	258.9
40.4	270.1
64.0	250.9
74.4	282.2
58.0	272.4
53.7	259.4
61.5	263.3
62.7	260
55.4	262.7
61.6	245.6
64.3	288.6
64.5	270
61.3	283.1
73.0	276
74.0	272.3
79.5	276.9
55.6	268.5
83.4	257.6
67.0	274.4
61.9	279.5
64.7	259.9
59.6	280.6
63.4	278.1
62.0	267.2
64.7	277.1
64.1	261.5
57.7	257.3
52.4	275.1
55.2	285.7
63.6	276.3
78.6	251.9
67.5	254.8
60.3	266.2
52.9	273.1
64.1	272.2
62.0	295.6
70.2	275.2
60.9	268.6
69.5	262.9
60.0	278.1
69.4	257.7
60.0	250
63.7	275.6
45.3	294
62.2	265.3
59.2	270.8
70.4	261.5
46.5	266
61.6	291.9
61.6	272.2
77.0	258.2
78.5	263.3
63.9	277.5
53.5	276.9
56.2	272.1
67.5	272.7
63.2	273.3
63.2	271.9
69.3	261.3
73.0	244.3
60.2	273.8
69.3	280.2
64.9	257.5
74.4	258.6
60.7	257.6
62.0	281.2
69.8	279.2
68.7	248.6
56.9	270.7
65.4	264.9
58.9	278.9
72.4	262.3
62.7	269.7
69.3	268.7
75.2	268.3
64.6	266.8
79.2	277.7
75.7	282.5
71.3	278.4
57.2	281.8
71.4	272.7
71.4	260.1
66.8	273.7
76.2	266.1
72.8	278.4
74.7	261.9
83.1	269.9
64.7	268.3
60.2	267.4
67.7	257.4
73.2	256.2
64.9	282.5
67.9	255.5
72.2	270.4
55.2	281.8
68.3	273.5
68.3	253.8
76.7	269.2
55.6	271.9
70.0	274.3
58.7	279.4
69.1	271.4
62.6	266.3
65.5	249.9
65.2	249.6
65.2	274.4
58.8	274.6
52.4	274.1
62.4	274.1
60.2	278.3
74.2	285
64.4	283.1
70.2	254.8
56.2	260.7
72.6	271.2
67.6	261.4
58.8	269.5
53.6	267.9
70.4	260
57.8	268
68.4	251.8
70.8	261.8
66.2	275
40.4	282.5
47.7	274.7
67.5	260.7
65.2	272.4
45.1	274.3
66.0	264.8
59.6	282.1
61.1	271.5
57.8	266.8
54.8	279.8
50.6	261.3
62.3	278.3
52.4	266.5
68.5	269.6
62.0	250.2
65.5	268.9
64.0	263.7
62.3	273.1
65.7	251.5
71.1	254.1
54.5	265.5
67.6	280.9
57.9	290.8
76.2	256
71.3	280.6
53.2	286.5
60.5	283.4
77.5	262.4
64.4	277.2
67.5	281.4
75.0	287.6
53.3	282.8
67.6	251.6
60.1	251.2
56.6	274.6
55.5	278.3
59.1	285.5
50.8	277.7
61.1	274.7
63.6	272
61.5	284.8
49.3	266.9
54.2	270
53.2	273.2
60.0	261.9
68.8	267.7
54.2	266.5
72.2	263.8
63.0	278
76.6	293
68.4	275.8
64.1	269
70.5	275.6
62.5	263.4
70.9	261.1
61.0	269.8
77.1	271.8
65.1	287.8
62.0	262.9
51.5	275.5
64.2	267.6
50.6	280.1
51.9	271.3
66.8	252.6
58.0	278.4
63.3	252.2
67.9	271.7
40.6	288.5
66.1	275.1
58.4	277.8
65.4	277
63.3	264.8
68.3	252.8
59.8	265.1
56.3	258.5
59.6	279
62.2	265.5
56.6	280.6
61.5	270.3
56.1	304.3
45.9	283.9
55.2	276.1
58.1	266.9
58.2	279.5
59.4	285.7
53.4	260.7
66.9	259.3
60.6	285.5
62.2	273.1
60.7	278.9
71.3	264.2
59.9	257.5
73.6	273.6
62.3	279.4
62.8	273.8
76.1	268
58.4	266
61.6	270.2
74.6	271.1
72.5	260
71.5	288.3
47.4	281.9
46.7	281.4
65.9	280.4
58.4	259.3
70.8	245.7
61.7	270
58.1	270.5
54.4	271.9
74.1	270.2
63.9	265.9
51.3	294.1
66.5	269
61.0	262.5
69.1	273.1
70.3	281.3
56.7	287
54.0	277.8
63.4	268.3
75.0	267.5
52.4	273.6
65.6	271.4
75.7	255.8
67.3	253.3
62.9	261
72.9	257.5
58.1	259
70.2	272.5
61.0	274.4
53.6	273.7
60.7	270.4
49.6	266.3
56.3	276
61.2	272.7
64.9	286.3
75.3	275.9
78.4	286.6
69.2	295.7
58.9	288.3
67.0	267.6
72.7	274.5
57.2	282.3
55.0	263
51.3	268
72.5	274.6
70.8	260.6
61.3	278.3
71.2	273.7
63.1	258.5
57.6	279.6
70.7	273
73.9	275.6
74.4	257.7
65.7	272.3
72.3	278.5
57.1	269.9
76.4	267.5
82.1	275.8
75.0	276.7
71.8	282.7
65.4	276.1
53.3	282.5
72.9	267.3
54.4	257
58.1	276.9
67.4	268
74.5	255.9
61.1	263.4
55.7	269.9
71.9	266.9
65.7	268.8
64.3	273.2
73.2	259.9
62.5	261.1
75.1	254.8
67.1	269
59.1	252.2
62.0	269.4
80.0	268
70.1	272.1
71.6	269
65.1	279.7
50.8	273.7
53.4	274.5
67.1	278.9
59.4	276.1
74.8	273.8
67.8	294.4
75.3	264.9
64.8	252.4
67.1	264.1
73.5	247.2
73.0	252
80.9	257
63.7	281.5
70.6	284.4
69.5	278.8
65.3	280.4
58.5	272.1
45.4	284
69.2	263.2
71.7	259.2
78.5	264
67.6	270.1
74.0	262.5
56.5	274.5
68.6	272
69.7	281.1
63.4	257.4
77.1	261.2
61.1	285.5
60.1	270
62.0	271.5
71.3	279.5
68.1	263
47.5	285.4
64.5	268.6
59.8	262.7
65.2	250.8
59.2	259.3
54.1	272.2
58.8	266.3
60.1	275
64.5	273.8
52.1	278.4
64.2	262.2
42.7	275.9
66.4	256
62.8	283
58.3	276.7
63.6	275.8
63.2	287.6
56.3	277.3
64.3	281.8
51.6	284
61.7	256
54.7	286.7
54.2	270.9
63.5	266.6
67.1	266.5
57.3	267.6
61.6	268.2
61.5	270.9
72.1	250.4
73.0	283.9
74.5	272.4
59.3	265.4
70.6	269.6
66.4	277.1
71.0	273.1
61.7	264.1
64.2	279.6
65.4	264.8
73.2	277.8
61.6	285.9
66.9	269.5
62.4	279.5
82.4	265.2
46.9	285.5
70.6	279.4
68.7	279.8
62.7	273.1
61.7	266.2
62.3	259
64.1	261.3
63.0	270.2
73.4	287.6
66.6	273.1
64.1	270.9
65.7	280
66.4	270.4
56.2	279.8
72.8	270.3
59.7	289
56.1	269.4
59.4	272.6
61.3	253.8
73.4	271.6
61.7	268.9
58.5	264.3
67.9	245.3
61.9	252.7
61.4	260.5
58.6	248.8
52.4	280.9
64.2	277.3
53.9	285.2
73.6	250.6
63.7	267
56.4	265.7
65.4	264.4
58.9	281.6
61.5	278.8
54.0	266.4
56.6	276.2
59.2	261.7
56.2	275.2
63.5	265.7
43.4	302.3
58.9	274.2
55.6	272.4
64.7	246.7
50.6	269.3
51.6	265.6
57.6	270.3
53.0	275.1
62.9	281.4
64.6	283.5
56.8	270.8
67.7	277.6
62.7	307.8
49.5	271.4
61.1	291.7
54.1	264.7
65.0	265.2
53.3	285.2
59.8	283.4
58.8	274.4
71.4	262.3
52.8	276.9
66.3	265
50.4	272.3
48.4	289.9
58.9	283
60.3	273.4
54.5	280.2
53.9	275.3
49.2	266.9
54.7	277
63.2	272
55.8	270.9
58.4	270.7
45.3	280.6
59.9	299.5
60.3	278.2
59.3	256.7
45.0	275.8
65.1	272.8
57.5	285.4
55.9	274.5
47.6	263.4
44.2	276.4
61.4	265.6
62.1	281.3
50.4	285.4
80.6	270.8
67.6	282.3
56.0	295.8
60.9	271.4
66.0	268.3
60.0	272.7
66.6	280
56.0	288.1
50.1	291.6
54.5	279.7
44.4	281.7
41.1	277.8
57.0	270.4
55.2	286.8
57.2	261.9
58.5	280.3
60.5	243.5
61.2	273
60.4	278.2
67.9	261.8
67.9	271.5
70.8	286
59.0	281.5
61.4	268.3
64.2	257.7
64.1	276
69.8	281.3
77.0	266.5
54.8	283.8
59.5	279.7
61.3	259.4
60.1	292.8
54.5	294.7
63.5	267.3
58.7	259.8
55.8	270.5
65.8	259
61.0	262.4
67.1	252.7
58.3	265.3
65.8	284.9
66.0	255.5
59.9	285.1
65.3	270.3
66.2	287.1
78.4	278.8
64.6	288.3
75.0	284.3
58.0	277.5
58.3	261.8
60.1	282.3
61.1	280.3
59.7	281.4
64.4	283.9
55.5	273.9
62.5	288.2
58.0	282.7
59.5	277.8
56.4	276.9
66.1	269.8
59.8	271.7
52.5	295.3
60.1	284.3
60.5	291
62.3	270.8
64.4	278
58.4	267.5
57.1	260.6
58.3	271.5
52.7	280.1
65.6	279.7
62.9	276.1
58.5	276.5
59.2	274.4
70.0	283
63.8	283.3
66.4	287.2
66.9	248.7
55.4	251.2
60.9	268
50.4	277.8
53.1	261.5
58.4	281.1
59.0	264.2
55.9	295.4
48.5	291.7
50.4	286.8
64.2	269.3
70.4	271.6
61.9	277
57.8	258
60.3	284
71.0	278.5
50.9	256
55.0	259.6
75.8	264.6
62.7	281.9
61.3	267.2
68.1	261.2
57.9	260.4
59.6	290.9
68.4	278.4
60.3	267.4
46.5	279.2
61.0	275.1
65.0	294.6
69.0	274.1
67.5	281.9
67.7	285.7
51.6	264.2
57.7	291.7
52.4	281
57.8	266.1
63.5	281.1
60.9	269.4
44.7	276.4
49.7	290.9
59.7	267.5
68.3	276.3
70.9	254.2
71.9	276.5
61.4	278.3
58.5	294.1
66.4	274
70.4	276.4
69.9	267.1
64.2	303.3
75.4	270.4
72.0	278
63.9	267.8
91.6	270.3
56.0	263.4
58.6	285.1
72.5	270.6
71.2	286.7
63.5	270.7
53.0	283.2
69.9	266.7
56.3	272.5
58.2	275.5
55.7	265.7
62.4	258.3
70.1	277.4
59.1	271.9
72.4	278.6
64.2	274.8
65.9	287.2
58.6	276.7
74.3	290.7
53.0	278.1
56.6	267.3
66.1	288
79.6	288.8
88.6	277.5
74.0	273.1
71.6	271.7
73.8	275.4
68.9	283.4
56.2	281.4
53.5	274.6
77.9	268.3
59.2	277.8
63.5	273.4
74.0	273.7
58.2	274.8
64.5	263.1
65.5	278.7
76.4	284.4
50.1	282
55.6	282.9
59.8	265.1
77.2	281.4
63.6	266.7
68.1	271.5
55.9	288.2
59.2	276
68.7	267.9
62.2	273.6
74.0	266.6
55.4	254.9
63.1	247.4
53.9	260.2
65.2	275.7
61.3	271.3
58.3	262.2
62.8	257.9
69.3	281.2
71.3	276.1
71.9	274.4
50.7	267.1
54.9	297.5
57.6	276.1
63.6	263.6
65.3	259.3
77.2	268.3
72.6	278.7
64.7	268.3
82.3	263.4
49.6	280.7
71.2	252.5
69.4	278.8
80.3	266.4
69.6	279.2
73.1	261.7
60.0	283.1
45.6	274.3
64.4	260.7
59.2	253.9
73.5	273.6
65.8	282.6
62.2	280
62.8	279.7
64.3	283.2
88.0	259.3
58.6	295.4
61.1	295.4
70.4	253.3
57.5	278.6
72.5	274.3
56.4	276.2
72.1	281.3
63.6	265.5
62.4	286.6
71.6	280.6
79.5	276.9
69.5	275
71.2	258
62.8	258.9
76.0	278.8
71.5	258.7
59.7	273.7
63.0	267.2
76.8	248.8
67.5	272.4
69.3	268.7
55.9	262.6
66.2	266.6
83.9	273
60.0	252.6
45.7	277.6
61.2	264.5
65.7	257.5
71.2	276.1
55.4	285.6
53.6	284.4
58.8	285.6
65.4	284
61.0	293.1
63.2	290.4
67.8	278.4
48.0	277
53.7	268.2
43.6	289
59.4	267.1
59.4	279.6
56.3	278.2
54.1	273.5
60.5	283.2
62.6	280.3
66.7	272.3
60.8	248.7
64.0	276.6
60.5	275.9
68.1	263.1
73.9	277.5
74.2	276.5
66.1	270
79.9	273.1
67.0	266.5
52.8	271.5
51.2	288.6
61.8	270.5
53.1	259.8
52.9	255.9
53.1	275
69.3	272.3
65.1	280.8
58.6	267.1
50.8	297.9
60.8	282
51.0	267
61.9	289.4
67.9	271.2
53.3	278.4
65.3	283
62.5	278.9
57.9	254.8
66.3	269.5
79.0	266.4
59.1	284.8
61.6	265.4
62.5	272.2
58.3	261
66.0	266.7
66.8	267.5
52.9	267.5
57.5	259.7
50.3	277.5
68.3	256
67.9	258.5
66.8	269.9
67.9	289.6
47.9	274.2
61.5	268.9
58.5	276
64.7	275.2
72.4	263.7
80.9	265
68.5	274.2
60.4	269.3
55.9	280
61.7	276.5
63.6	267.6
63.2	269
59.1	281.5
53.8	263.1
46.8	281.3
57.8	271.6
69.4	261.1
60.3	276.1
50.0	286.8
58.2	277.5
55.1	287
65.8	278.9
56.0	296.4
67.2	257
43.7	278.8
52.7	283.7
57.1	273.4
52.7	262.1
63.5	289.7
53.1	280.6
68.2	277.7
72.1	299.6
66.7	262.9
69.0	267.2
74.7	288.5
66.2	284.5
67.9	273
64.6	265.5
60.4	270.8
54.6	302.8
57.9	283.5
52.5	272.5
62.6	255.3
54.9	262.7
60.7	260.2
79.2	295.3
65.2	278.2
68.0	277.1
75.5	264.5
65.1	273.6
53.3	277
60.9	273.3
68.7	272.8
48.1	271.4
61.2	301.4
68.4	253.2
60.8	270.2
57.4	294.5
60.8	281.2
71.1	269.3
60.3	277.2
60.1	271.2
71.4	282.1
63.3	272.7
61.8	300.3
56.1	260
58.9	283.6
62.5	272.8
69.7	270.3
58.5	268.6
68.8	270.4
71.1	249.9
67.7	255.4
57.0	282
65.7	277.4
70.4	258.6
65.0	255.8
83.7	269.2
65.5	278.7
70.4	270.3
64.6	250.1
53.2	268.4
68.0	269.4
68.6	273.5
61.1	274
61.5	264.5
79.0	277.7
59.0	280.9
63.7	284.4
68.4	280.1
63.0	270.3
77.1	268.4
57.9	280.2
64.3	274.6
50.7	260.8
60.9	274.6
62.7	275.5
58.9	283.7
74.4	264.3
60.1	271.1
71.3	262.1
67.5	274
55.8	277.8
67.4	262.9
68.0	252
63.7	286.4
70.6	255.8
62.2	283.7
67.2	276.1
62.1	283.4
71.6	264.8
45.3	283.9
52.9	265.6
65.3	265.1
68.4	281.4
55.4	281.4
63.2	258
57.9	267.1
53.4	281.5
67.7	272.6
60.2	270.2
52.5	279.7
59.3	268.3
64.2	260.1
60.9	271.7
62.0	268.8
58.2	281.8
53.7	259.7
70.2	277.9
53.8	274.3
54.9	263.2
54.1	278.1
56.3	284.1
52.3	265.2
71.4	261.9
51.5	282.7
54.9	257.3
71.9	276.6
61.0	278.2
51.9	283.5
73.9	277.7
62.4	280.3
69.4	284
50.6	275.6
50.8	269
89.0	256.5
59.0	291.3
76.6	275.5
50.6	273.4
58.3	275.9
55.1	264.6
71.7	279.3
59.8	263
62.5	256.7
63.0	261.6
60.0	265.9
66.8	270.4
62.6	272.6
52.0	282.8
54.6	266.4
77.0	252.4
70.8	256.5
69.0	262.5
64.0	268.6
72.6	252.5
67.4	267.6
65.6	275.9
56.6	264.1
54.3	274.3
59.6	274.8
62.1	264.1
65.6	267.5
58.1	274.6
56.6	259.8
62.3	251.3
63.1	272.5
48.8	291.9
56.4	284.3
69.5	276.7
64.0	271.5
59.6	278.2
71.2	273.6
71.3	270.1
59.5	287.9
51.7	289.8
59.2	278.2
56.9	302.9
55.5	287
66.4	282
53.6	279.7
66.0	269.2
68.0	258.3
54.2	291.3
69.3	273.3
54.0	273.9
69.0	264.1
64.9	281.7
82.8	239.4
57.4	263.7
54.3	263.4
55.3	280.4
53.3	268.8
49.2	279.4
40.2	273.1
54.5	257.9
61.0	253
66.3	283.3
64.1	266.7
56.5	282.5
49.6	276.4
51.6	278.2
64.7	263.7
70.0	274.6
58.3	266.6
71.9	251.9
68.3	243.6
55.5	260.7
69.0	259.3
47.0	256.1
68.7	260
62.9	249.2
66.3	259.5
57.0	273.9
54.8	250.4
70.9	268.8
56.7	260.2
62.4	268.3
55.8	255.4
71.8	270.2
56.7	268.7
68.5	257.7
73.5	286.7
48.5	251.7
65.8	261
72.5	259.1
66.2	263.9
61.5	264.7
65.0	257.7
61.7	276.2
57.1	262.4
57.0	256.4
53.7	280.8
60.1	269.9
58.6	281.4
60.7	279
55.0	283.5
60.8	250.1
59.8	256.1
64.7	266.4
53.8	273.9
77.3	270.9
61.9	256
64.1	261.8
71.3	260.2
68.6	275.8
74.5	276.7
64.1	262.1
72.0	258.4
66.2	267.4
68.9	252.7
51.5	284.4
58.6	253.2
60.4	266.2
62.3	269.6
70.7	261.8
47.0	269.3
59.5	269
69.7	243
64.2	262.2
58.6	257.8
79.8	266.3
82.2	284.3
74.3	273.6
61.2	265.5
59.4	265.7
58.1	265.6
66.4	265.5
53.0	298.5
53.7	275.9
56.1	280
50.2	286.1
66.5	260
50.1	276.5
55.1	282.3
69.3	279
53.1	287.2
58.1	278.8
65.4	273.1
61.1	251.4
63.6	288.7
73.8	264.2
56.8	267.5
58.3	281.9
63.5	254.8
56.6	279.9
56.6	266
63.3	283.8
51.8	262.9
57.7	279.3
73.5	278.6
61.1	284.9
60.8	298.2
46.3	304.1
53.2	258.9
56.0	281.1
50.9	272.3
52.1	286.8
63.2	269.2
44.6	269.1
61.3	269.9
64.6	278.4
63.5	259.4
68.1	264.4
65.1	271.3
54.4	282.4
57.5	287
65.3	272.6
43.4	273.6
51.7	279.7
61.2	267.9
62.3	281.3
53.0	270.7
63.4	288.2
61.5	273.6
65.1	268.7
59.7	281.4
59.1	266.8
57.4	273.3
52.7	288.8
64.0	278
66.5	273.9
73.1	262.4
65.0	281.8
64.8	294.3
67.6	259.8
49.6	275.2
53.0	265.8
63.8	263.8
49.1	268.7
80.6	267.1
52.7	278.4
70.8	272.2
62.5	276
72.5	286.4
58.4	291.9
71.1	278.7
59.2	270.1
56.4	272.6
68.1	274.3
70.6	293.9
58.1	270.9
63.4	281.8
53.9	280.2
66.6	281.5
56.1	262
53.3	275.6
65.2	288.9
81.1	274.1
74.4	277.2
81.1	269.3
68.1	297.8
68.4	286.8
73.8	278
66.6	265.8
62.0	282.3
70.7	263.7
61.8	284.6
66.9	271.3
74.3	275.5
53.6	276.5
61.3	278.9
65.6	257.8
67.2	261.7
59.4	268.9
58.7	242.2
60.5	272.3
44.5	264.5
59.1	265.4
56.8	265.3
60.9	270.9
52.7	271.5
59.8	268.9
51.3	272.3
63.2	267
55.1	268.9
68.6	265.6
63.4	263.9
64.2	269.5
70.1	257.5
62.4	263.6
59.6	270.3
61.3	273.3
59.8	247.6
65.3	282.9
60.1	275.8
69.5	272.8
60.1	253.4
47.2	267.1
69.0	267.4
64.8	255.3
71.4	279.7
52.9	273.6
55.1	281.7
62.8	281.4
66.0	272.3
76.1	264.1
64.0	276
60.3	280.8
61.3	258.6
66.8	272.9
83.4	268.9
54.3	281.6
66.0	256.9
74.6	267
59.1	275.4
64.4	264.4
65.0	243
62.9	266.6
52.1	282.9
81.6	273.8
71.8	266.4
60.0	257.1
77.0	265.5
55.3	284.4
63.1	254.3
66.8	287
65.0	275.7
60.1	271
65.8	266.5
72.6	259
65.6	268
67.4	269.1
69.9	250.1
64.1	276.1
68.0	282.2
66.6	264.5
67.1	262.1
69.7	270.1
64.3	270
66.7	266.4
72.8	253
65.6	281.1
67.9	266.1
66.2	249.7
61.7	264.2
68.2	274.2
60.5	280.5
55.1	285.1
62.5	257
74.8	281
49.8	294.6
68.5	281.7
68.5	266.6
80.1	280.6
66.4	271.8
70.2	270.3
63.1	263.4
58.1	286.5
62.4	275.6
67.0	286.1
48.4	263.8
55.9	267.2
63.2	274.9
58.1	261.6
57.2	276.7
57.9	289.1
59.1	259.5
53.1	266.8
59.7	270.4
51.8	275.1
69.2	267.5
58.1	267.4
58.8	271.9
52.1	266.9
61.3	276.7
54.3	285.5
67.2	272.3
69.6	279.1
63.1	298.1
58.5	271.6
60.8	266.6
54.7	275.1
60.9	285.5
73.0	263.6
59.8	278.4
65.4	252.7
47.7	272.8
48.1	267.8
59.2	263.9
46.3	267
62.0	271.4
66.5	279.6
56.2	262.6
77.4	266.8
53.2	272.2
62.6	267.3
71.5	248.8
45.4	280.2
63.3	274.4
61.4	288.7
41.6	272.6
57.6	254.6
67.2	261.1
61.8	269.8
65.1	267
59.1	261.3
74.0	276.8
63.3	275.6
47.7	273.9
53.8	276.1
57.4	274.1
44.0	279.8
60.7	281.1
72.8	272.1
68.7	258.3
64.4	255.8
59.6	279.3
68.5	272.6
49.3	273.2
59.2	262.4
68.9	271.1
53.9	275.3
57.9	281.8
64.1	264.3
68.0	274
62.3	266.5
63.0	268.6
56.6	267.8
76.3	273.2
64.7	264.8
56.3	275.1
58.2	277.9
57.6	283
58.6	259.3
62.9	272.7
55.9	274.4
67.9	276.8
62.9	279.9
49.6	294.4
40.3	298.7
50.5	303.9
46.2	285.2
60.0	256.9
49.7	274.4
72.3	275.9
41.0	292.8
55.4	291.4
60.9	278.7
69.2	290.9
66.5	265.8
51.2	278.2
67.4	291
59.5	275.9
39.5	277.9
48.5	272.8
50.1	276.3
60.3	284.5
51.2	284.1
80.4	281.2
57.6	290.1
59.5	287.6
55.2	273.5
56.2	265.7
64.5	259.3
57.5	260.2
58.3	296.9
68.2	282.2
59.6	278
69.1	282.8
63.4	281.4
64.7	262.6
66.5	263.3
71.7	271.6
58.3	280.5
56.9	278.5
71.1	269.5
62.2	267.5
68.7	270.8
62.1	256.8
67.6	280.2
66.0	280.6
56.2	267.7
60.6	276.6
78.2	266.2
57.4	266.7
76.2	259.2
65.7	237.8
68.5	267.4
62.8	273.2
61.3	237.5
51.0	255.4
63.9	254.8
54.7	278
61.6	278.9
79.9	258.3
67.4	256.9
55.2	279.4
79.8	258.5
53.0	276
54.7	263.1
57.3	279.9
68.7	286
68.1	239.5
61.0	266.4
75.1	269.3
68.5	260.3
62.7	288.6
75.6	268.6
52.6	296.7
63.4	266.8
72.3	266.6
59.0	256
56.6	292.7
84.0	277.1
65.0	287.5
71.8	279.9
77.7	267
78.4	270.6
76.0	272
70.1	273
57.4	265.6
66.9	287.9
44.8	276.3
67.5	268
66.9	276
81.5	271.3
55.9	277
59.5	260.2
80.2	278.7
74.3	251.9
70.1	278.8
56.7	262.2
74.6	259.8
56.7	276.6
69.3	265.5
54.0	273.4
73.2	258.2
78.2	269.7
63.6	257.6
60.6	267.6
63.4	266.8
63.1	263.2
63.2	274
68.6	270.2
67.7	267
58.8	264.3
61.9	279.6
56.1	279.9
70.9	270.5
57.2	272
63.0	255.6
76.9	257.2
65.9	283.5
61.5	277.4
78.8	262.7
79.5	245.9
70.0	269.2
70.9	268.9
76.4	243.5
69.5	293.7
55.8	254.3
74.0	283.9
74.8	276
58.2	276.1
73.9	261.7
81.4	269.8
66.5	278.5
56.6	262.1
57.3	269.7
68.9	272.8
58.8	259.8
82.5	273.4
63.5	267.4
69.8	270.6
68.7	258
65.4	268.5
72.2	277.9
84.2	264.2
57.7	268.6
77.5	274.9
68.5	276
78.5	280.9
77.2	275.6
81.1	260.5
65.5	276.5
81.0	285
82.6	268.9
69.6	272
79.1	278.2
75.4	281.7
74.2	269.4
88.3	270
74.4	282.8
73.8	286.9
82.9	289.3
63.6	271.7
76.9	271.1
82.0	280.7
66.1	273.4
56.6	265
59.0	271.5
75.1	267.5
58.3	269.2
71.3	285.6
72.3	269.7
77.2	270
67.7	265
66.8	271.8
74.7	272.8
67.8	287.6
82.2	281.4
85.4	289.2
87.0	282.4
89.0	273.3
61.3	289.1
77.1	266.2
72.0	272.4
85.7	287.7
82.9	284.9
74.0	288.8
75.0	265.9
80.6	275.1
83.5	282.9
67.4	284.9
67.2	286.7
70.9	256.9
75.3	267.6
77.4	267.6
67.4	269.6
73.1	274.5
69.3	253.6
71.3	267.6
82.4	273.8
82.9	271.3
84.5	282.1
80.4	288
78.6	285.1
80.9	280.8
66.9	283.2
76.5	259.9
77.1	283.3
80.9	264
79.3	287.8
67.4	282.7
55.7	284.9
72.5	276.1
66.5	289.2
74.3	281.4
74.3	268.7
65.6	285.6
68.3	290.4
71.5	278.7
82.6	266.9
72.2	277.5
74.9	275
75.3	274.9
80.8	282.7
72.0	281.6
57.1	278
72.1	276.6
74.9	253.1
75.1	283.9
78.6	264.6
65.0	284.2
58.0	284.7
65.5	277.1
75.6	269.9
72.5	284.6
80.3	279.5
79.8	274.4
74.8	280.1
63.7	272.8
75.2	273
64.8	285.8
60.9	276.9
65.9	281.6
73.5	274.4
67.1	267.8
83.7	276.4
63.5	280.4
72.4	286.7
76.2	281.1
76.6	271.4
75.4	289.5
74.3	273.8
77.9	284.7
74.2	271.7
83.0	270.1
72.6	275
72.3	294.2
72.5	284.3
87.1	291.7
88.6	263.2
86.1	277.8
67.2	290.8
60.5	288.6
77.8	273.4
64.5	290.1
66.1	276.6
71.3	290.8
77.2	271.7
70.4	268.5
74.8	267.5
74.0	263.1
73.0	260.4
77.8	276.8
80.1	248.5
71.1	262.3
90.9	286
73.1	282.7
63.3	281.7
82.9	272.1
84.0	259.9
82.0	290
82.7	271.3
79.0	286.1
81.6	287.7
80.2	297.5
69.3	294.8
62.6	255.4
68.8	280.2
74.5	267.2
72.4	278.2
69.6	268
84.2	257.7
69.1	277.8
65.7	265.2
73.2	272.7
71.7	279.9
73.7	294.4
68.3	287
72.4	256.7
87.4	270.8
78.6	291.1
70.6	272.7
78.0	263.1
74.1	264.4
78.1	273.9
74.3	275.8
79.0	291.4
77.1	271.6
79.3	268.8
78.2	283.4
70.0	286.1
76.8	277.3
85.3	268.9
73.9	262.7
79.6	275
80.4	276.1
70.6	263.8
82.3	259.9
61.3	292.7
69.6	276.9
71.5	281.5
71.7	278.8
79.8	275.4
68.8	260.1
63.6	279.4
78.7	269.4
72.7	275.2
65.8	276.6
76.1	259.4
63.8	284.1
82.1	272.3
81.9	269.8
79.2	271
61.4	274
82.3	283
71.4	272.4
73.6	275.2
81.8	260.6
80.8	281
76.1	274.4
77.8	269.1
63.4	276.6
71.1	262.6
61.2	263.8
67.3	262
65.3	281.3
70.0	294.6
71.7	283.4
69.4	270.7
80.6	265.2
76.0	291.8
69.7	281.6
66.5	274.8
65.5	285
75.1	288.3
80.0	281.8
77.8	282.2
91.3	273.3
65.7	277.7
61.0	283.2
57.8	268.1
68.4	253.9
74.2	275.4
80.2	279.7
59.2	289.3
61.6	285.6
79.0	277.3
78.0	275.3
78.7	279.6
89.0	278.5
83.2	284.2
79.1	273.4
71.8	280.4
75.2	299.2
68.8	280.4
70.8	285.4
65.8	286.1
76.4	281.4
70.1	281
75.4	271.6
76.0	285.8
69.9	308
68.2	287.7
67.4	283
73.0	279.8
71.3	277.9
78.5	275.2
69.3	282.9
71.6	295.2
75.4	281.6
79.5	292.4
66.6	288.5
68.8	280.6
73.8	272.4
80.6	277.1
77.3	258.5
84.9	271.5
77.8	281.5
73.9	271
83.3	275.3
70.5	292.1
73.7	279.7
71.9	274.1
81.5	290.3
89.2	278.8
72.6	286
80.8	275.1
65.2	280.9
79.5	286
85.9	283.1
75.5	271.6
78.6	297
67.5	293.1
75.7	283.8
81.8	286.6
70.5	287.9
72.1	273.8
73.8	282.1
68.7	258.1
76.1	275.3
76.0	281.8
67.8	273.9
66.5	307.3
75.9	297.8
77.6	277.4
66.9	259.1
68.3	280.1
69.4	274.1
69.7	264
70.1	260.3
73.7	252.3
73.7	277.8
81.0	282.9
68.4	275.7
72.2	283.7
85.0	276.4
72.8	286.2
78.3	268.7
73.3	281
76.3	275.3
72.4	276.7
82.9	283.4
73.6	278.5
79.5	274.4
68.8	285.7
72.8	281.2
75.1	269.6
72.9	276.2
72.3	278.3
62.7	266.9
67.4	283.8
63.3	296.6
72.6	292.1
61.7	284.1
74.3	288.4
68.2	274.5
63.9	264
65.6	264.7
72.5	286
75.0	268.2
71.9	280.5
71.1	282.4
74.7	290.5
75.8	273
77.3	280.5
67.3	277.5
65.4	283.8
73.2	295.7
74.3	291.5
74.7	286.1
73.1	287.5
65.4	275.5
84.4	272.2
84.8	280.4
77.9	284.4
73.4	276
64.9	275.5
73.9	278.8
71.5	278.6
75.1	277.3
75.8	296.3
86.6	259.9
75.0	276.1
77.8	266.5
76.2	288.8
71.2	265.2
73.9	265.1
75.3	290.3
81.1	273.2
72.1	281.1
75.1	278.6
68.6	264.3
63.5	291.8
74.4	274.9
66.7	275.8
77.0	287.2
72.3	281.5
86.1	271.9
72.9	296.7
79.5	268.2
63.3	280.6
82.9	263.6
66.7	272.3
76.4	270.7
73.5	276.5
76.8	275.3
86.1	269.4
86.5	272.5
69.5	292.6
74.3	281.6
67.4	286.1
88.0	288.6
86.1	278.1
81.9	263.6
73.5	283.8
74.7	289.9
68.5	281.2
74.3	281.1
68.9	280.6
81.9	263.8
66.6	276.7
66.3	284.5
65.9	286.9
68.7	276
67.1	266.9
63.1	277.1
66.6	276.5
66.3	276.5
79.8	283.2
80.0	277.8
74.5	280.5
71.0	261.1
74.7	269.4
74.0	280
68.9	273.7
78.3	267
63.3	260.9
71.5	281.7
67.3	283.7
69.0	272.6
75.5	279.6
70.3	268.9
77.6	283.7
88.0	277.4
70.5	283.9
74.5	285.7
70.4	277.4
78.6	274.6
76.6	267.6
76.7	268.9
73.2	263.7
59.1	291.3
85.4	270.7
66.2	277.8
65.4	285.9
72.2	283.1
69.6	276
76.0	284.6
70.5	267.9
87.0	264.6
83.2	275.8
74.5	263.3
77.3	276.3
72.8	272.2
74.8	268.6
71.1	269.5
66.8	282.2
59.3	284.6
76.0	280.2
73.8	293.1
82.9	271.3
77.3	267.4
72.6	270.4
81.2	273.3
64.1	276.4
54.3	286.8
84.2	282.9
88.7	292.7
84.2	275.4
69.8	274.5
74.8	280.1
83.1	281.4
65.5	281.6
77.1	275.4
71.9	264.6
81.0	276.8
84.7	260
79.0	269.8
67.0	286.9
73.8	266.7
74.3	275
72.4	291.4
74.3	277.9
83.5	281.3
71.1	280.8
71.7	271.9
71.0	268.2
87.2	264.3
75.8	263.7
68.4	282
66.0	283.3
80.5	277.1
76.2	270.5
60.7	277.9
62.1	280
64.6	284.4
77.3	269.2
73.8	273.9
71.6	270.5
67.6	272.4
70.1	285.1
72.7	277.3
71.0	284.6
70.0	291.1
73.8	283.8
73.7	273.5
67.8	267
72.9	258.7
89.1	281
73.6	294.8
62.5	300.5
61.9	295.7
79.3	286.1
73.0	280.3
78.3	270.5
68.3	269
71.5	294.5
74.4	278.4
85.2	289.9
76.1	263.6
69.4	277.9
69.6	282.2
78.4	260.7
69.2	278.7
76.2	261.1
77.0	284.3
63.5	257.2
61.9	276.6
87.5	252.3
64.8	293.6
63.9	264.6
62.3	276.7
81.5	264.1
68.7	292.6
67.0	288.1
73.9	292.7
71.0	276.5
67.0	285.3
72.4	270.5
68.6	290.4
66.9	279.7
88.3	277.4
69.8	268.8
79.1	278
67.3	264.5
81.6	274.2
63.1	287.6
66.9	266.4
71.8	287.8
75.9	274.3
66.7	270.2
71.4	268.3
62.4	302.3
66.5	276.6
62.5	284.6
77.5	274.6
71.5	276.7
68.2	270.7
65.2	266.5
76.8	275.2
68.8	275.2
64.7	269.3
73.2	285.9
67.8	285.4
64.5	279.9
62.7	275.3
69.8	276.4
67.0	285.8
71.2	271
64.4	288.2
68.4	270.5
65.7	275.1
64.7	271.3
62.1	288.4
75.5	272.2
71.2	276.5
71.2	269.1
72.1	287.7
78.9	281.3
75.4	271.8
73.3	293
72.3	275.7
59.9	291.3
61.9	278
59.5	286.5
74.9	267.2
69.6	276.7
72.1	294
68.1	278.6
80.1	274.7
79.2	275.5
83.1	272
64.8	277.6
69.1	292.4
78.0	272.3
74.3	286.2
64.2	284
81.1	274.6
57.7	283.9
67.8	271.9
64.3	279.7
65.0	277.4
67.6	286.6
61.7	285.6
73.5	267.3
72.2	279.6
74.9	276.7
69.6	280.1
61.8	282.2
57.8	283.8
61.5	290
59.1	274.8
77.1	271.1
70.1	290.9
58.6	280
65.4	274
68.2	283.7
63.7	274.9
64.5	276.9
72.1	269.7
59.3	277.7
71.3	276
65.1	285.4
66.4	276.7
72.5	280.4
65.5	273.7
74.9	273.3
67.8	273.6
62.1	298.2
55.6	276.3
57.5	280.3
60.6	288
74.3	283.9
68.1	286.1
68.0	278.6
56.2	287.8
73.8	271.1
69.6	279.8
75.1	269.6
72.7	278
64.4	291.7
69.6	276.5
79.8	275.9
69.8	273.5
68.4	267.1
57.6	284.1
70.8	273.1
66.6	278.2
61.9	265.8
65.6	271.7
60.7	274.6
58.3	283.3
62.3	289
71.4	276
66.4	284.5
71.6	277.5
54.9	295.9
66.5	274.6
44.8	272.6
63.8	290.9
63.9	282.2
61.4	294.8
75.6	279.4
81.1	270.5
63.8	266.8
75.3	277.2
75.8	278.7
79.2	282.6
66.4	285.9
71.7	286
71.1	267.7
51.3	272
69.6	281.7
68.1	269.7
67.5	283.4
72.0	290.1
62.8	292.6
72.9	293.3
64.1	298
67.9	278.4
68.7	276.4
65.4	286.8
63.0	302.9
70.5	300.4
64.4	271.7
78.2	274.2
63.8	287.9
62.2	296.4
79.0	281.9
69.0	280.6
68.5	297.2
52.2	288.4
64.7	288.6
69.6	289.8
63.6	285.4
83.0	273.7
54.1	277.9
67.3	273.2
74.1	294
54.9	281.1
77.7	295.7
67.4	271.7
76.2	265
71.9	290.4
72.5	280.7
69.4	290.7
77.0	282.9
62.7	273
69.2	282.8
79.0	282.5
48.9	284.8
56.5	279.3
64.2	273.3
64.1	270.8
61.0	277.2
65.3	283.7
47.9	282.7
66.1	299.8
70.0	276.9
62.9	277.3
63.6	279.8
74.4	265.2
70.1	276.5
61.8	276.1
70.5	273.7
64.6	302.9
69.1	264.9
72.2	271.6
49.2	266.1
79.8	275.5
76.0	285.3
76.6	290.9
73.4	264.1
80.2	279.3
63.1	266.9
60.6	279.8
61.5	283.2
58.4	280.1
67.1	277.3
64.4	269.2
70.2	270.2
66.6	282.2
73.4	297
65.5	278.3
63.6	291.3
77.8	288.1
68.5	293.3
72.6	293.8
65.2	278.9
79.6	274
60.2	271.3
63.0	279.9
73.5	282.7
69.5	277.6
69.5	286
65.3	299
64.3	280.7
55.0	278
67.8	280.3
67.6	259.7
67.8	280.1
65.4	298.8
71.9	258.9
61.9	284.1
54.3	267.9
54.1	282.2
64.1	276.6
66.0	276.4
74.3	259
70.7	263.9
73.8	277.2
62.3	282.1
71.2	282
76.2	274.4
75.9	277.5
62.7	276.1
69.6	276.1
77.3	278.1
56.5	281.8
58.1	283.4
63.0	277.6
60.2	278.6
73.3	290
65.2	283.2
63.4	277.1
62.1	284.2
76.2	284.2
72.0	290.2
69.7	285.2
76.9	283.7
58.8	296.7
60.0	275.3
56.3	285.6
75.9	293.8
67.6	279.3
71.7	288.5
52.1	295.4
65.8	277.7
61.9	291
75.6	278
80.9	270.4
74.9	284
79.1	286.5
77.2	297.1
78.1	271.7
71.1	277.9
69.7	281
71.3	280
77.6	281.2
70.7	272.2
71.7	276.8
59.3	277.9
53.6	271
73.0	276.4
75.8	270.6
59.2	282
64.5	274.9
56.7	288.3
60.3	286.7
79.3	277.8
67.4	282.6
71.0	288.3
68.7	291.5
60.7	284.6
67.8	285
61.5	289.9
71.6	278.8
65.7	287.3
70.9	274.4
69.1	278.7
65.2	284.3
58.2	292.8
68.5	285.6
71.0	278.3
77.1	281.6
67.2	287.2
71.6	282.5
72.6	279.1
75.7	284.3
73.0	275.3
81.0	279.2
67.3	286.8
61.7	274.4
80.9	280.5
56.1	272.2
59.4	272.2
69.9	292.3
62.8	293.9
64.8	257.8
65.6	263.3
55.2	287.4
45.7	285.5
68.0	269.2
65.7	273.1
56.4	277.5
63.6	269.9
67.9	255.2
71.0	266.9
73.4	279.9
57.5	268.2
67.5	275.4
54.2	279.3
68.0	265.6
62.4	271.4
68.2	290.1
99.5	269.1
57.9	283.3
58.5	304.9
64.1	288.7
65.6	296.7
78.7	284
82.5	282.7
65.3	276.3
90.7	278.2
67.7	283.3
53.5	265.2
74.4	263.4
67.2	273.6
55.9	272.2
57.6	283.7
69.8	256.6
77.1	262.1
76.8	276.8
68.2	285.8
64.0	276.7
67.2	270.8
74.8	253.5
66.9	290.2
67.4	276.9
72.3	294.7
75.2	257.9
64.2	287
73.7	272.6
62.3	283.4
52.6	277.5
62.9	293.1
71.4	276
68.8	280.2
76.7	278.1
73.8	276.6
63.8	279.6
64.0	273.4
66.5	279.5
72.1	252.9
46.7	266.3
73.2	269.9
68.2	276.9
77.5	272
71.9	295.1
80.5	263.2
66.1	281.2
74.4	275.9
61.6	268.7
77.6	272.6
83.2	275.8
71.8	283.8
70.6	300.9
58.7	292.3
71.5	296.8
58.7	290.7
67.5	268.3
72.7	275.1
59.6	287.6
51.2	274.4
56.2	291.4
63.6	282.9
47.8	269.1
56.2	272.4
67.5	277.2
47.0	297.9
52.2	274.9
60.3	266.7
51.2	290.4
66.5	281.7
69.4	272.4
70.1	284.6
54.6	289.1
66.3	281.2
69.6	265.4
64.0	252.2
54.4	287
70.9	278.3
52.1	297.2
55.8	274.3
41.6	276.9
53.4	282.4
50.9	269.3
54.5	269.9
70.3	250.2
61.6	277.7
39.3	286.3
46.0	265
58.9	278.5
67.8	267.3
49.3	279.8
55.6	259.4
57.0	259.8
54.6	260
69.8	254.7
62.1	266
56.4	281.1
64.4	298.9
60.7	271.3
50.0	283.8
54.1	275.7
54.6	267.2
53.6	278.3
59.5	279.2
51.7	278.7
66.5	274.6
49.4	287.3
51.2	294.3
55.1	263.5
40.8	280
51.7	283.9
58.3	275.8
54.3	287.6
49.8	271.6
63.3	286.4
53.7	286.4
59.7	274.5
60.8	276.6
62.6	269.8
56.7	282.2
48.8	257.6
60.4	272.3
60.8	273.5
47.9	290.9
62.6	266.4
56.0	285.4
55.5	282.7
74.8	262
49.8	283.9
66.0	255.3
61.7	257.2
60.7	260.5
60.0	265.2
68.7	270.3
49.2	289.9
65.8	261.1
63.9	281.2
62.4	284.5
62.6	270.6
67.4	266.1
58.7	259.3
53.1	255
65.3	257.6
64.2	272.6
72.6	265.6
54.8	268
66.5	263.1
70.3	267.1
63.7	268.1
66.4	273.8
63.3	254.5
74.2	266.6
69.0	271.5
51.4	260.2
76.0	282.3
67.0	275.1
66.6	273.2
73.9	270
69.6	270.3
52.8	265.3
67.9	256.4
61.1	267.5
52.6	268.4
52.6	267.6
50.0	273.9
43.9	283.9
55.9	263.7
64.0	258.8
66.1	281.1
73.3	269.6
48.5	277.9
56.6	263.5
62.8	266.7
58.5	270.4
53.9	280.5
61.7	255.3
58.5	273.7
48.8	279.4
62.9	271.8
62.7	282.4
74.8	269.7
61.6	277.6
60.8	279.5
50.3	284.8
61.1	253.2
65.4	280.7
57.2	273.6
57.6	262
64.8	264.8
42.3	291
47.4	263.5
53.2	268.9
68.0	278.5
52.0	273.4
57.8	272.5
67.4	272.9
67.2	271.1
65.9	279.5
59.9	284.9
58.2	284.2
55.0	262.7
58.1	289.1
67.2	266.3
57.5	266.3
65.1	274
56.3	256.5
68.8	257.1
76.3	260
58.6	273.7
53.5	261.5
53.9	284.4
71.7	281
66.4	263.9
52.3	266.8
61.2	260.3
61.3	288.2
64.1	273.5
69.0	288.9
52.1	275.5
59.6	291.1
58.8	269.2
54.0	275
51.6	279.6
71.3	272.2
53.6	279.7
54.0	277.2
63.6	268.2
55.3	275.9
55.6	293.3
58.5	284.7
56.5	282.7
51.9	248.4
45.9	272.2
66.3	266.8
60.3	284.2
63.8	274.5
56.9	258.3
60.6	278.1
60.6	276.2
60.7	272.2
58.9	265.5
57.5	274.2
61.5	285.7
57.7	270.5
69.9	264.2
73.8	269.2
69.0	274.6
50.8	297.3
70.1	269.6
69.3	292.6
62.7	276.3
54.6	261.3
76.1	288
71.1	278.1
76.5	280.1
51.4	280.5
64.5	277.4
79.3	272.3
58.1	268.2
66.5	262.6
61.8	280.6
72.1	273.8
66.8	282
61.6	286.3
87.0	271.9
50.6	277.2
71.2	277.4
59.4	283.7
75.7	282
63.9	254.1
63.6	271.3
77.0	269.6
57.1	279.8
57.1	275.3
64.9	282.9
68.8	271.7
71.7	277.1
67.4	280.9
71.4	262.2
70.2	269
53.8	267.9
63.2	266.3
65.9	268.7
70.2	266.3
52.7	280.7
60.5	247.4
56.3	285.4
64.6	285.3
57.0	261.3
50.2	272.9
66.5	250.4
59.6	279.6
66.8	266.3
61.5	280
63.9	293.9
66.7	258.7
55.0	283.8
55.4	266.2
59.3	263.4
57.1	258.1
57.0	264.1
55.9	256.6
64.5	262.7
63.7	271.3
64.7	262.7
74.5	283.6
58.3	260.3
63.3	275.1
66.7	258.2
65.2	268.4
59.9	268.1
69.1	248.8
61.7	253.6
57.0	277.3
72.5	263
62.7	277.7
56.6	287.7
38.9	286.9
49.8	281.4
50.8	281.5
56.1	276.3
62.2	267.9
60.4	252.5
55.8	266.5
38.5	282.8
52.9	285.3
62.5	257.9
66.0	279.5
52.2	282.2
58.1	290.7
58.7	255.3
67.1	296.6
58.7	283.9
68.4	264.9
72.8	271.8
61.3	261
50.0	286.8
66.9	289.2
62.9	282.5
63.9	270.2
73.5	280.9
56.7	282.6
73.7	266.9
67.9	286.2
68.7	289.9
66.1	271.5
67.7	266.8
77.4	291.9
66.1	283.9
66.8	281.9
64.7	281.7
71.1	290.3
53.9	267.9
76.7	265.7
72.5	265.2
52.7	263.2
66.3	279.4
53.7	274.4
63.4	286.2
67.2	268.7
54.8	271.2
65.5	274.5
63.9	264.2
51.2	265.9
56.5	258.1
67.4	265.4
60.8	272.8
59.4	289.7
72.2	275.8
42.2	294.7
69.3	268
73.2	280.3
67.8	299.6
59.6	289.2
63.7	269.9
64.3	275.7
59.1	270
47.0	286
61.5	254.2
42.6	261.4
47.4	280.9
63.7	279.1
59.8	274.6
46.8	279
56.2	282.9
45.6	269.3
49.2	283.6
38.7	279.6
60.8	280.9
65.6	299.7
68.6	282.8
64.0	285
56.3	281
59.5	272.8
46.4	270.3
67.9	263.6
46.8	283.6
53.2	262.7
59.4	287.1
51.9	252.4
48.5	272.9
63.7	274.1
58.5	279.8
67.9	268.2
56.8	276.4
63.8	272
61.4	254.4
51.6	265.8
61.4	250
71.5	247.1
51.9	270.7
62.4	274.9
59.6	277.8
60.1	260.6
49.5	284
64.1	272.1
52.7	281.1
42.7	276
52.3	283.4
56.9	295.1
55.3	278.5
56.7	281
46.8	294.1
56.2	277.5
58.2	269.7
54.2	274.5
41.9	281.2
62.3	276.1
66.7	263.6
64.2	258.8
58.9	262.1
68.0	275.6
61.0	287.4
48.7	276.1
48.1	285.2
54.3	279.1
70.0	285.6
57.4	265
60.7	263.3
63.1	280.3
57.1	247
70.1	279.5
44.4	267.9
62.3	276.3
63.2	272
72.4	282.1
66.3	278.5
74.9	276.1
68.4	289.1
65.3	282.1
59.8	282.5
77.6	270.3
63.9	267.4
59.5	291.1
61.4	282.8
61.3	289.5
80.0	270.5
79.7	272.7
78.6	294.5
78.3	268.4
78.6	274.1
73.7	279.1
67.5	291
71.9	278
60.2	274.6
81.6	271.6
65.8	281.2
76.1	277.3
79.0	282.6
69.8	280.5
67.2	269.1
56.6	271.4
76.7	263.1
66.2	283.9
71.4	267.6
57.8	273.8
59.6	267.2
68.0	277.8
68.1	289
57.8	285
77.6	261.4
79.4	275.3
68.8	295.6
68.1	269.1
73.3	290.6
76.7	290.1
75.5	282.9
63.7	292.1
69.9	300.6
68.5	273.9
74.0	275.9
61.2	281.3
70.8	288.4
72.3	276.9
78.6	271.2
75.9	281.1
63.2	276.7
74.4	284.6
67.8	285.8
58.8	285.7
58.6	272
65.7	280.5
66.4	276.6
69.6	288.6
58.1	287.2
70.0	271.9
88.7	264.5
66.9	286.1
68.1	282.2
77.6	280.3
73.8	294.5
59.8	273.4
61.1	277.1
64.7	277.6
69.0	270.5
60.5	290.2
74.8	267
64.4	267
79.6	277.6
68.2	299.3
59.2	270.9
62.4	274.5
71.7	266.7
66.7	274
71.6	272.1
71.9	281.1
66.8	273.6
70.2	272
72.9	299.3
68.0	298.9
72.0	287.5
68.0	274.2
74.8	285
81.8	258
78.1	282.8
58.1	295.8
65.9	280.1
67.6	288.8
83.0	282.6
64.0	272.8
68.3	273.2
65.2	259.9
80.2	269
79.8	295.6
73.6	275.8
70.7	269.7
63.0	284.6
70.7	268.1
65.9	267.9
75.5	273.5
84.5	269.4
83.1	264.8
60.8	267.5
73.0	281.1
78.8	278.9
78.2	267.1
62.9	276.9
66.4	248.5
66.2	283.7
81.7	272.1
60.1	280.6
82.1	274.8
74.7	277.9
72.0	290
59.1	273.8
62.3	294.6
73.3	266.6
67.0	272.5
63.0	262.4
67.7	289.4
55.7	257.2
58.9	258.8
62.3	260.7
66.0	276.4
56.5	268.7
66.0	269.1
56.8	271.4
58.5	268.5
57.4	275.3
62.2	268.4
66.7	272.3
59.7	247
48.9	264.7
67.9	250.6
69.5	268.6
69.1	279.9
67.9	271.9
72.4	268
65.5	289.1
59.0	279.9
67.1	265.5
41.0	291.5
64.6	276.5
53.5	292.8
62.1	280.5
55.0	271.1
52.9	267.1
51.8	274
55.1	264.3
73.1	280.1
62.3	259.6
67.9	267.9
66.8	266.9
58.9	272.8
56.5	292.4
58.0	294.9
68.4	280.4
57.5	274.4
69.2	283.8
71.3	267.6
64.4	287
58.8	258.9
48.9	270.3
76.0	266.9
61.8	264.7
57.1	276.5
56.0	288.2
85.2	263.4
59.2	284.1
73.7	288.2
76.3	281.6
71.5	268.9
74.1	263.5
70.4	270.2
66.6	275.6
74.3	271.4
61.2	260.1
53.2	268.8
66.5	281.4
68.9	285.3
68.4	281.8
66.9	266.3
72.0	276.3
59.2	278.4
76.1	268.9
65.0	287.4
68.0	289.6
66.4	287.2
73.6	282.1
71.4	294.8
80.5	264.7
71.5	280.8
65.7	284.1
59.6	283.4
78.2	272.7
73.0	275.9
72.4	280.6
77.2	252.6
78.3	270.5
74.1	268.5
75.6	267.3
67.5	263
61.6	292.1
66.9	276.4
77.2	277.8
67.2	290.6
79.6	278.1
64.1	278.8
75.5	281.6
79.3	286.9
76.2	277.3
77.0	281.8
65.8	264.6
70.2	273.4
79.3	270.2
79.5	287.5
75.9	271
75.5	282.9
76.9	278.8
72.1	281.2
78.2	277.1
64.5	289.8
83.8	291.7
67.9	285.8
67.3	272.8
72.4	290.7
69.3	280.9
83.5	270
68.5	278.4
72.3	261.9
77.4	281.9
72.7	278.6
83.6	274.7
75.6	282.1
64.0	281.8
71.4	276
70.3	288.1
75.4	275.1
69.3	264.4
61.6	285
74.7	288.9
72.3	280.3
71.5	280.2
69.8	284.5
81.6	266.2
88.0	276.8
76.6	282.2
62.7	272.3
77.9	266.6
76.0	263.8
65.6	272.6
68.0	286.7
66.4	261.3
74.2	276.4
76.8	260.9
69.6	269.8
76.3	290.6
75.0	283.1
67.5	278.5
63.0	283.8
86.6	285.5
78.7	282.4
71.5	306
73.8	278.8
75.2	289.7
79.5	287.5
80.1	278.4
63.0	276.7
67.2	301.7
67.3	280.9
64.7	281.5
67.4	281.8
60.3	289.4
72.3	274.6
70.1	279.5
68.7	269.8
77.2	286.8
70.5	277
74.7	283.7
63.3	276.6
64.9	275.8
74.1	274.9
64.7	277
59.7	275.3
70.9	268.5
79.1	266.5
74.2	261.6
75.0	281.6
77.0	277.7
79.2	280.5
76.9	271.8
70.6	280.4
76.9	282.1
67.9	290.5
73.5	267.5
79.6	265.7
80.2	274
80.1	286.2
77.3	299.2
61.1	291.5
74.0	292.9
68.5	298.8
70.5	278.6
68.1	289.5
68.7	275.7
74.6	268.2
70.2	280.6
61.8	293
72.6	266.6
60.7	282.8
59.9	301.9
92.6	260.8
66.1	272.9
75.7	270.9
75.2	283.4
80.2	285.6
70.5	283.6
71.5	284.4
77.0	259
69.2	280.6
75.9	277.1
80.2	279.5
74.4	272.6
68.4	286.7
71.0	269.7
67.1	284.7
65.3	281.5
66.5	277.3
74.5	257
67.5	259.3
79.4	289
70.4	261.3
75.8	282.6
72.1	275
82.1	282.4
65.4	284.8
77.3	287
77.8	283.2
78.3	282.9
77.4	275.3
70.0	279.6
74.3	282.5
62.8	285
70.0	274.7
69.2	275.7
84.7	296
83.2	291.4
77.1	287.7
78.4	278.4
71.8	279.1
74.9	269.8
78.0	271
64.1	275.8
74.6	271.6
88.1	279.3
71.1	264.6
64.0	286.1
74.9	292.2
60.0	290.9
62.6	280.7
59.8	297.5
64.5	290.7
67.4	284.5
70.2	283.9
79.3	272.7
86.0	265
67.0	279.6
68.0	271.3
67.9	272
80.6	275.8
70.4	288.2
79.8	276.7
90.9	273.8
75.2	290.2
62.5	285
75.1	286.5
69.5	283.8
85.5	275.8
71.8	290
69.7	279
70.4	284.3
78.7	270
81.4	276.2
87.4	281.2
75.4	265.2
69.7	268.3
80.6	297.3
94.8	267.4
68.0	283.8
61.8	280.5
77.3	256.6
64.2	283.6
70.9	269.1
77.5	289.1
69.9	275.9
68.2	269.9
75.9	276
82.3	276.7
72.0	263.4
69.9	258.9
68.1	277.5
68.5	290.8
83.6	260.4
73.7	277.8
71.3	285.9
78.4	285.9
79.1	273.9
71.3	273.2
89.2	279.2
76.7	289.2
68.2	287.4
91.2	277.6
67.2	272.6
80.3	278.4
62.1	282.6
80.5	264.2
67.8	268.2
78.1	265.9
60.4	280.8
79.7	269.8
77.3	285.2
67.3	304.3
59.7	277
71.8	270.2
72.3	267.5
96.4	277.4
81.6	280.3
62.3	280.3
66.4	283.4
72.1	250.1
85.7	268.1
77.7	270.8
83.5	261.6
73.0	281.8
75.1	271.2
66.9	292.9
80.2	267.7
81.4	298.9
75.7	290.9
74.7	281.8
65.1	264.8
80.7	267.3
75.9	283.5
71.6	278.2
78.5	280
74.6	279.8
71.6	292.4
76.0	267.6
61.5	270.6
74.3	269.6
70.6	269.1
85.9	281.9
75.7	284.8
60.1	275.4
55.5	296.1
83.2	277.6
80.2	276
70.8	274.3
71.2	259
84.9	277.6
77.6	272.5
74.4	276.9
71.2	295.9
81.9	289
81.5	284.7
72.1	276.7
59.3	278.9
50.9	281.8
74.1	269.6
79.5	277.3
73.6	290.7
64.6	273.7
79.9	273.1
68.3	282.5
72.1	281.8
78.8	266
76.4	289.3
68.0	282.8
69.2	269.4
70.3	269.9
75.7	288.9
78.9	293.2
68.3	276.4
78.1	283.2
85.6	264.1
79.2	272.1
69.3	291.2
72.6	276.1
77.1	273.5
75.7	269.4
72.1	272
86.7	256
67.0	291.2
63.7	278.8
67.1	278.3
78.4	295.9
77.2	280.2
65.7	271.3
75.4	280
72.4	293.5
81.0	277.8
61.1	275.7
84.4	285.9
74.2	268.9
76.9	276.7
73.7	281.6
80.2	274.3
74.9	290.4
68.1	280.5
82.8	273.9
55.0	265.2
73.6	266
84.1	277.3
67.5	285.9
76.3	284.3
81.7	257.3
75.0	299.2
74.0	280.3
68.5	284.5
73.3	288.2
70.5	277.8
81.2	281.5
73.6	286
74.5	289
74.0	273.3
68.1	279.3
63.1	277.9
68.8	285.1
62.6	280.5
71.4	266.9
74.3	264.5
73.5	286.5
78.6	272.2
68.5	271.1
71.4	272.9
76.5	270.6
77.8	278.4
69.2	276.2
72.0	279.5
81.8	284.8
64.1	274.7
55.6	281
81.2	296.5
79.4	277.2
86.5	268.4
73.0	275.9
68.3	282.6
62.4	283.5
67.7	292.2
75.1	283.4
77.2	277.9
79.1	272.2
72.8	283.3
81.1	276.9
59.4	297.7
71.9	279.2
58.1	289.9
69.9	280.5
65.6	290.1
62.8	269.9
71.4	275.2
68.5	273.6
83.8	261.9
60.5	281.6
59.8	279.8
68.3	276.9
54.1	269.6
70.0	275.6
70.0	272.8
70.9	277.3
61.0	289.3
60.3	277
70.6	289.2
74.9	262
56.6	277.9
63.5	276
73.3	288.1
71.2	275.2
69.3	261.8
60.9	276.2
64.6	263.8
59.3	268
57.8	275.6
51.0	271.7
68.1	271.3
54.1	273.9
70.5	277.3
70.6	244.2
75.1	259.5
59.3	282
75.0	262.5
60.0	284.9
72.9	274
58.4	280.2
59.3	283.5
58.8	277.5
59.1	288.7
53.7	271.5
46.1	280.4
58.1	276.8
63.6	280.4
60.3	277
69.1	279.4
62.1	289.8
70.1	290.2
70.7	265.2
51.2	273.7
65.8	286.4
72.8	270.4
71.0	248.5
65.6	282.9
64.6	276.7
76.4	285
56.7	281
48.4	276.9
62.9	267.4
65.3	277.7
65.0	265
67.0	281.8
71.7	286.1
71.9	286.1
62.8	274.9
70.0	287.6
75.3	267.1
61.9	264.4
55.7	267.1
65.1	279.6
51.9	277.4
60.7	291.3
68.0	274.2
57.4	277.7
61.3	271.2
54.2	280.4
82.3	287.6
59.2	266.9
53.5	281.5
63.4	268.6
63.4	281.9
54.7	254.1
62.4	276
50.9	273.1
67.9	285.8
63.4	264.5
56.6	270.2
70.4	254.1
54.1	272.8
51.4	289.1
70.9	269.8
56.5	278.9
77.4	287
77.0	257.2
69.2	277.6
63.7	281.8
67.0	275.2
65.1	271.7
60.4	281.3
60.0	267.9
80.7	259.1
73.5	277.4
62.0	286.1
54.8	277.1
60.5	283.8
57.5	262.5
51.1	263.3
69.8	256.4
55.8	285.6
54.0	269.3
49.7	282.3
54.5	279.4
62.5	270.2
47.0	282.3
66.5	280.3
60.4	267.6
63.1	295.3
62.4	269.4
55.6	274.4
63.6	276.3
59.4	293.7
55.3	270.3
63.7	279.4
63.9	259.5
58.3	265.6
43.9	281.2
57.8	271.6
61.4	278
49.6	272.2
56.3	275.9
62.4	258.7
57.4	268
52.3	288.2
43.6	276
57.9	263.5
67.2	283.8
56.8	262.3
62.4	287.4
68.8	276.8
60.4	264.7
61.1	278.5
48.5	272.1
44.1	256
57.8	273.3
56.2	263.5
62.6	256.4
72.6	262.2
63.2	264.4
68.0	277.4
63.9	283.7
43.5	289.5
57.7	278.6
56.0	267.9
40.0	277.6
51.3	258.7
66.2	266.9
61.4	266.9
56.4	289
66.1	278.7
55.0	269.5
58.8	259.3
64.2	284.4
56.5	284.1
64.9	277.1
52.5	267.9
58.9	280.6
62.0	280.3
56.2	284.3
55.3	287.9
49.1	285.1
49.9	277.5
55.1	276.9
50.1	248.5
49.9	275.4
62.6	278.1
59.2	274.4
66.7	274
66.2	266.7
70.4	257.5
47.6	273.1
46.9	279.7
50.8	260
72.8	255.1
55.6	274
55.8	269.9
52.5	277.7
61.2	266.3
62.7	278.9
55.0	262.2
59.8	280.4
64.0	281.6
71.8	255.9
58.0	267.7
55.7	282.2
37.2	297.9
73.4	263.6
57.4	280.1
70.9	273.6
68.9	260.7
58.7	297.7
56.3	285.7
68.0	282.2
47.3	274.4
53.5	291.4
60.3	281.3
76.0	282.1
51.1	279.9
43.0	273.6
52.6	267.9
69.4	290.2
64.1	277.9
63.0	280.3
62.9	274.6
61.5	282.9
81.9	279.2
69.2	270.4
75.9	273.7
52.0	266.9
48.9	267.8
63.4	282.2
55.9	275.9
60.2	274
60.3	256.8
77.2	275.1
63.2	290.6
56.9	275.6
61.0	261.4
68.6	274.5
65.7	275.1
64.9	293.6
79.7	257.9
59.4	276.9
58.5	266.2
71.0	268.8
57.0	277.5
64.1	274.5
64.2	264
65.1	261.6
58.1	280.2
62.2	286.1
67.4	283
63.5	269.8
66.3	270
63.5	266.8
47.4	273.2
66.3	290.2
65.1	290.9
58.6	266.4
65.3	271.2
75.4	269.3
58.0	285
67.2	273.1
73.3	278.9
58.6	265.4
47.3	285.7
49.9	271.6
71.5	277.6
59.5	287
53.7	280.6
75.5	269.5
54.2	249.1
63.6	276.7
55.3	287.7
65.5	264.2
70.1	270.7
66.2	265.1
47.2	278.1
63.6	254.6
53.5	268.3
78.1	270.9
89.8	254.4
72.5	278.9
65.0	268.9
67.9	266.6
61.9	277.7
76.1	278.8
73.9	275.5
74.5	262.8
78.6	257.9
52.3	249.5
75.3	282.2
67.9	242.3
70.5	261.6
74.6	277.8
74.7	265.2
67.2	266.7
67.1	255.5
73.0	271.7
48.1	250.9
70.7	271.8
78.7	268
66.5	273.2
75.6	272.4
85.8	257.2
68.9	271.3
58.8	285.3
75.9	269.8
58.0	284.3
67.9	257
75.4	270
67.4	251.1
62.5	287.1
68.5	271.7
68.4	268.3
68.3	280.3
58.7	280.3
64.9	279
70.4	280
62.9	285
70.2	273.8
71.1	279.6
63.2	258.2
87.7	285.5
52.6	270.6
68.4	287.9
73.0	274.8
75.8	284.5
72.5	270.1
64.8	272.5
63.1	269.8
66.6	271.5
70.6	275.2
72.2	269
71.6	273.2
78.5	267.6
59.0	269.1
73.7	275.8
68.7	263.6
65.4	281.1
58.4	273.9
59.2	287.6
76.3	272.2
71.8	278.3
68.3	259.1
57.2	285.9
61.9	278.4
62.7	279.5
67.4	263.8
77.4	272.5
61.6	258.5
69.2	285.2
82.1	280.1
68.4	285.2
61.0	279.2
62.1	261.7
62.8	268.8
57.4	261.7
76.4	257.5
70.7	260.6
70.3	265.5
66.2	276.4
68.3	270.4
65.5	282.6
58.1	280.5
66.2	273.6
72.8	281.5
61.0	293.3
65.9	269.7
63.4	269.7
56.2	289.2
66.7	278.4
60.5	279.3
76.6	256.4
60.1	277.9
64.6	286.9
66.8	273.5
45.0	283.3
57.3	282.4
54.8	290
59.6	274.1
69.6	261.6
71.2	285.3
88.2	279.3
54.1	272.7
63.2	283.1
59.9	279.2
56.3	277.1
63.2	286.3
58.4	268.8
59.6	296.4
65.2	278.9
66.0	284.5
81.2	267.6
68.9	261.3
62.4	285.4
62.2	271.7
66.7	282.6
73.8	268.3
60.0	273.9
68.9	266.3
69.5	270.2
58.2	253.1
65.2	262
60.4	253.7
65.8	253.6
63.4	277.2
58.4	277.1
76.3	268.2
72.7	255
67.1	253.2
72.0	283.1
65.6	280
59.7	257.8
54.1	271.2
80.5	260.2
55.1	265.6
68.9	268.1
68.0	263
61.9	274
58.9	252.7
78.7	268.2
80.0	263.5
65.7	267.9
64.6	266.6
63.9	282.5
66.3	276.9
55.7	281.7
70.8	264.1
76.2	280.7
