59.4
54.9
59.1
66.3
51.1
63.9
53.7
71.9
45.2
58.8
65.0
60.2
42.0
50.1
52.5
65.1
64.1
51.9
56.4
57.2
57.0
64.5
55.0
57.6
57.9
52.7
51.3
52.6
52.2
56.8
68.1
55.0
59.2
64.6
47.3
57.9
43.2
58.5
58.4
47.4
53.4
59.8
56.0
61.2
55.6
50.2
52.4
57.1
72.3
57.3
49.5
50.4
58.5
68.4
65.3
60.3
49.3
60.7
58.7
68.2
50.5
54.0
57.4
55.8
43.5
60.9
61.6
61.1
55.7
54.9
58.1
46.0
59.0
55.3
57.3
48.1
61.7
57.9
55.1
61.8
60.4
58.4
52.6
45.1
56.1
59.6
54.4
52.4
65.1
56.4
61.7
54.7
52.3
55.1
48.8
53.8
58.7
53.0
59.5
67.4
61.6
59.5
57.9
57.5
56.2
53.6
65.8
55.7
59.1
53.4
64.2
72.2
68.4
55.7
54.7
58.2
68.2
52.6
67.7
61.6
69.1
56.0
67.3
55.2
68.1
59.1
47.5
54.5
56.7
53.4
65.5
53.5
71.9
68.9
63.2
58.7
58.7
61.8
69.6
64.4
52.8
72.9
51.6
51.6
68.5
60.1
59.7
50.2
39.9
58.7
60.8
57.7
66.9
60.3
46.3
54.7
62.9
65.2
63.4
70.5
48.7
69.0
63.1
55.3
58.8
50.6
50.3
49.1
54.7
50.7
51.3
65.0
47.8
43.7
61.5
60.3
58.9
45.6
53.4
45.0
52.4
52.2
53.9
67.9
51.3
58.6
48.1
54.7
59.9
65.9
60.8
71.8
63.5
70.1
70.0
60.5
60.7
68.9
66.3
65.5
70.6
47.8
58.6
59.2
56.5
56.9
46.4
60.5
56.8
63.4
51.8
55.3
63.6
50.1
59.7
51.6
57.7
55.9
66.8
58.2
52.5
62.8
67.8
58.8
65.0
63.6
65.6
51.2
57.6
60.5
56.9
52.5
58.2
56.3
54.4
66.9
57.0
58.8
64.5
55.5
45.4
71.8
43.7
67.1
62.5
67.5
79.1
68.0
71.6
71.1
52.3
59.8
62.9
60.9
49.0
61.7
62.2
60.3
54.8
83.2
70.8
65.6
59.0
55.9
61.4
69.8
62.8
70.9
72.3
71.5
63.6
71.6
79.0
55.0
64.3
51.1
60.1
48.5
53.5
46.6
43.4
63.5
61.7
54.8
46.8
66.8
64.9
61.6
51.8
60.0
68.3
60.7
59.6
60.9
74.0
64.6
58.7
66.5
67.8
65.8
55.3
76.0
56.1
48.3
63.0
76.6
63.8
63.1
71.0
67.2
61.5
55.9
67.5
60.8
67.0
66.3
58.7
66.5
71.7
63.8
57.8
59.6
69.4
53.9
54.0
54.6
66.8
55.9
64.6
64.0
61.1
50.8
67.5
70.6
59.6
52.9
70.7
64.1
58.9
63.8
62.7
60.9
61.8
63.4
69.2
60.1
74.2
64.0
63.0
73.0
55.5
57.7
49.9
63.0
64.4
67.0
45.9
48.5
71.1
58.7
56.5
73.2
64.3
59.7
59.8
71.4
70.7
62.1
66.7
64.7
60.8
58.1
63.9
69.0
67.5
61.4
57.2
61.9
54.3
52.6
64.9
64.7
56.8
79.2
73.6
64.1
66.9
69.9
80.2
64.5
71.4
63.2
56.2
69.3
63.6
68.2
57.2
63.4
55.8
67.9
58.3
70.7
72.5
55.4
48.5
67.8
58.4
61.9
67.0
64.1
68.6
79.6
63.3
49.9
63.2
63.0
56.9
55.7
52.3
57.9
75.9
55.6
52.0
59.0
59.1
66.5
55.2
67.0
74.8
66.0
56.3
77.9
75.5
67.7
71.8
67.0
55.0
70.0
78.4
64.9
66.7
73.9
62.1
66.5
68.7
70.2
83.6
65.9
64.7
68.7
59.8
60.0
70.8
59.3
54.4
59.2
71.3
60.4
69.3
59.1
69.4
60.6
73.3
50.1
73.5
88.6
61.6
61.7
67.1
59.2
73.9
60.8
59.8
63.7
66.2
51.8
66.4
61.9
69.2
57.0
52.8
60.3
44.5
49.8
77.3
33.9
52.9
41.8
48.8
60.6
71.1
71.3
65.3
55.7
60.8
61.5
64.6
54.8
73.0
74.3
73.0
74.8
65.0
65.2
74.7
59.4
67.8
62.9
62.4
72.6
83.6
63.0
65.7
66.9
67.9
68.2
75.2
71.5
65.7
63.0
68.9
69.7
49.3
62.5
56.9
66.5
51.8
59.1
57.9
60.1
67.4
57.3
60.9
54.9
64.7
58.0
50.0
53.7
83.7
59.5
63.6
71.7
67.6
64.7
61.5
47.9
63.5
65.9
63.4
65.6
67.2
70.9
71.9
62.9
52.3
67.6
71.8
63.7
91.8
57.5
54.4
61.4
65.7
61.8
62.9
53.3
63.7
71.9
61.7
58.8
60.8
60.5
62.5
54.7
56.4
64.2
61.9
78.3
61.8
62.5
52.7
57.3
43.9
52.3
65.3
58.2
57.6
51.7
56.4
61.2
64.1
56.8
83.8
63.9
75.6
64.1
70.6
63.2
60.5
52.4
66.5
73.8
62.1
72.8
65.1
66.6
79.0
40.4
70.5
62.8
76.6
71.8
66.4
78.2
74.3
65.9
66.0
79.1
75.0
80.0
68.0
80.9
74.7
89.6
70.1
62.4
77.7
71.6
68.2
71.6
76.6
70.6
64.8
71.0
76.0
57.4
75.4
76.5
81.6
67.7
56.2
67.0
63.4
67.1
78.4
65.4
70.1
61.5
78.6
66.5
67.1
70.8
72.2
61.2
68.8
74.9
67.9
69.7
74.2
82.8
80.0
69.8
78.6
70.7
75.0
75.5
81.1
79.8
87.9
87.3
64.2
67.6
86.5
82.2
73.7
81.0
74.7
72.2
65.6
77.3
72.0
76.2
69.4
60.3
68.9
67.5
75.2
76.8
80.3
80.0
73.0
79.6
74.7
68.1
63.7
66.8
64.2
72.3
69.2
71.2
75.3
72.3
58.8
58.7
73.3
79.0
76.0
74.0
65.9
71.9
81.7
82.3
69.6
84.5
72.9
63.4
73.5
63.6
64.6
76.9
64.8
91.1
70.4
69.1
62.4
78.2
78.9
72.5
67.4
87.9
76.9
71.4
80.5
73.3
76.7
65.8
73.2
72.6
69.0
79.1
64.4
74.5
92.9
74.8
80.2
72.4
80.4
61.3
72.2
65.7
76.3
80.3
77.4
75.1
68.7
62.4
81.5
80.6
75.2
68.0
78.8
67.2
78.0
57.8
60.5
66.3
62.1
61.9
58.9
70.5
65.8
62.6
62.4
76.1
66.0
47.1
66.0
55.5
62.2
68.3
49.9
81.0
65.8
65.1
63.7
57.1
67.7
68.7
56.1
71.9
64.6
53.7
54.4
65.0
46.3
61.4
71.3
61.5
61.9
64.8
50.0
72.7
61.5
49.9
64.4
55.9
60.1
69.1
64.4
47.9
51.0
58.3
51.6
67.6
55.6
54.9
61.2
64.6
66.2
69.5
68.2
65.2
64.9
58.0
67.6
40.5
61.3
53.3
58.3
56.4
71.3
54.2
59.1
63.1
69.7
61.4
60.0
56.0
69.2
60.2
65.8
60.7
60.8
45.7
56.9
54.6
65.1
62.8
55.1
56.8
61.8
59.4
57.3
56.8
61.5
48.9
46.7
61.5
62.1
52.1
74.7
62.2
66.7
67.5
65.1
61.9
52.5
53.3
64.5
70.9
49.5
68.2
58.8
63.0
57.1
54.0
47.4
69.6
60.2
44.0
48.4
51.4
58.5
63.5
59.1
58.7
53.2
45.0
56.0
52.1
63.7
58.0
57.4
61.7
60.9
60.7
44.2
64.9
59.7
52.4
64.7
59.4
69.1
58.5
49.3
61.1
51.5
59.4
60.6
58.0
55.9
65.2
59.1
65.8
60.1
63.3
53.7
65.4
62.3
62.8
65.0
60.3
56.5
61.5
65.1
58.9
58.1
69.9
59.1
61.1
58.9
58.3
49.6
69.5
52.4
69.0
61.7
52.6
56.6
63.0
67.8
65.4
56.1
59.0
68.8
59.1
56.0
49.2
61.4
52.3
63.5
56.8
53.1
48.5
50.4
52.7
64.3
52.2
58.6
65.5
63.7
68.8
50.1
66.9
44.5
55.5
51.8
70.0
59.1
58.5
56.7
70.1
62.3
65.6
57.3
63.0
48.5
67.0
36.4
51.8
39.5
63.5
63.7
64.4
56.7
54.9
54.7
57.3
62.5
54.2
60.5
62.4
66.2
60.8
51.9
63.0
62.8
49.7
51.7
59.1
52.6
65.0
55.9
55.6
63.2
56.1
67.7
54.4
67.9
65.3
63.3
66.1
59.4
53.1
57.5
59.7
71.2
60.4
63.3
56.4
48.6
61.0
73.9
57.2
68.1
74.5
55.8
63.4
53.9
56.2
75.8
62.3
52.6
62.1
62.0
63.5
74.1
56.8
60.9
53.5
67.3
75.5
56.7
67.0
46.8
57.9
56.9
70.1
54.5
62.1
41.7
52.8
54.3
63.5
63.3
72.6
55.9
62.3
60.7
49.9
56.8
59.4
57.5
49.1
59.5
64.4
56.8
62.2
67.2
71.9
61.1
66.3
58.4
65.4
60.8
62.3
56.6
60.1
53.4
61.2
62.2
61.5
64.4
63.2
60.8
66.5
64.9
63.0
53.2
55.9
67.5
59.1
61.7
72.2
66.0
51.4
52.5
62.1
60.2
74.0
51.6
54.3
45.3
60.1
65.4
53.1
67.0
57.9
70.0
51.0
68.6
57.1
66.0
56.7
40.1
51.8
48.7
57.1
44.6
48.8
59.1
66.0
67.2
58.6
79.3
57.9
62.5
51.2
62.3
73.4
59.6
56.0
66.4
53.4
71.9
62.7
74.4
71.0
61.9
53.0
76.9
66.1
64.9
60.4
62.3
58.4
56.7
51.1
57.7
73.3
47.2
56.1
74.1
63.7
49.7
56.6
56.2
67.1
57.9
57.4
49.2
64.9
59.0
42.7
62.7
76.4
60.0
55.9
58.8
55.0
65.4
71.0
57.8
70.6
60.7
78.6
54.9
55.4
72.8
54.7
61.1
67.7
72.5
53.4
51.5
63.2
72.8
60.8
59.8
63.6
51.0
55.6
56.4
49.8
52.7
65.3
63.9
64.8
71.7
57.2
66.2
76.7
47.5
52.8
61.8
46.9
57.9
65.8
72.6
66.7
75.4
68.2
63.9
72.5
63.3
65.2
71.3
56.3
65.2
69.4
60.4
73.6
56.5
58.0
65.7
63.8
57.8
57.7
65.7
58.0
62.1
71.5
65.6
69.6
62.5
59.9
71.2
49.0
60.3
54.1
62.9
61.4
65.5
47.2
58.3
63.4
65.6
66.6
69.8
57.2
62.0
68.7
55.9
53.0
68.1
60.3
53.1
39.4
68.5
65.2
52.3
60.0
49.9
47.2
51.1
55.7
55.2
56.9
61.9
73.1
49.4
56.9
60.5
40.2
51.2
50.8
57.1
50.1
50.6
56.8
70.0
63.0
59.8
52.6
58.7
64.0
47.3
64.3
61.4
74.5
67.6
61.0
68.4
70.7
69.2
64.8
61.9
59.1
40.4
64.0
74.4
58.0
53.7
61.5
62.7
55.4
61.6
64.3
64.5
61.3
73.0
74.0
79.5
55.6
83.4
67.0
61.9
64.7
59.6
63.4
62.0
64.7
64.1
57.7
52.4
55.2
63.6
78.6
67.5
60.3
52.9
64.1
62.0
70.2
60.9
69.5
60.0
69.4
60.0
63.7
45.3
62.2
59.2
70.4
46.5
61.6
61.6
77.0
78.5
63.9
53.5
56.2
67.5
63.2
63.2
69.3
73.0
60.2
69.3
64.9
74.4
60.7
62.0
69.8
68.7
56.9
65.4
58.9
72.4
62.7
69.3
75.2
64.6
79.2
75.7
71.3
57.2
71.4
71.4
66.8
76.2
72.8
74.7
83.1
64.7
60.2
67.7
73.2
64.9
67.9
72.2
55.2
68.3
68.3
76.7
55.6
70.0
58.7
69.1
62.6
65.5
65.2
65.2
58.8
52.4
62.4
60.2
74.2
64.4
70.2
56.2
72.6
67.6
58.8
53.6
70.4
57.8
68.4
70.8
66.2
40.4
47.7
67.5
65.2
45.1
66.0
59.6
61.1
57.8
54.8
50.6
62.3
52.4
68.5
62.0
65.5
64.0
62.3
65.7
71.1
54.5
67.6
57.9
76.2
71.3
53.2
60.5
77.5
64.4
67.5
75.0
53.3
67.6
60.1
56.6
55.5
59.1
50.8
61.1
63.6
61.5
49.3
54.2
53.2
60.0
68.8
54.2
72.2
63.0
76.6
68.4
64.1
70.5
62.5
70.9
61.0
77.1
65.1
62.0
51.5
64.2
50.6
51.9
66.8
58.0
63.3
67.9
40.6
66.1
58.4
65.4
63.3
68.3
59.8
56.3
59.6
62.2
56.6
61.5
56.1
45.9
55.2
58.1
58.2
59.4
53.4
66.9
60.6
62.2
60.7
71.3
59.9
73.6
62.3
62.8
76.1
58.4
61.6
74.6
72.5
71.5
47.4
46.7
65.9
58.4
70.8
61.7
58.1
54.4
74.1
63.9
51.3
66.5
61.0
69.1
70.3
56.7
54.0
63.4
75.0
52.4
65.6
75.7
67.3
62.9
72.9
58.1
70.2
61.0
53.6
60.7
49.6
56.3
61.2
64.9
75.3
78.4
69.2
58.9
67.0
72.7
57.2
55.0
51.3
72.5
70.8
61.3
71.2
63.1
57.6
70.7
73.9
74.4
65.7
72.3
57.1
76.4
82.1
75.0
71.8
65.4
53.3
72.9
54.4
58.1
67.4
74.5
61.1
55.7
71.9
65.7
64.3
73.2
62.5
75.1
67.1
59.1
62.0
80.0
70.1
71.6
65.1
50.8
53.4
67.1
59.4
74.8
67.8
75.3
64.8
67.1
73.5
73.0
80.9
63.7
70.6
69.5
65.3
58.5
45.4
69.2
71.7
78.5
67.6
74.0
56.5
68.6
69.7
63.4
77.1
61.1
60.1
62.0
71.3
68.1
47.5
64.5
59.8
65.2
59.2
54.1
58.8
60.1
64.5
52.1
64.2
42.7
66.4
62.8
58.3
63.6
63.2
56.3
64.3
51.6
61.7
54.7
54.2
63.5
67.1
57.3
61.6
61.5
72.1
73.0
74.5
59.3
70.6
66.4
71.0
61.7
64.2
65.4
73.2
61.6
66.9
62.4
82.4
46.9
70.6
68.7
62.7
61.7
62.3
64.1
63.0
73.4
66.6
64.1
65.7
66.4
56.2
72.8
59.7
56.1
59.4
61.3
73.4
61.7
58.5
67.9
61.9
61.4
58.6
52.4
64.2
53.9
73.6
63.7
56.4
65.4
58.9
61.5
54.0
56.6
59.2
56.2
63.5
43.4
58.9
55.6
64.7
50.6
51.6
57.6
53.0
62.9
64.6
56.8
67.7
62.7
49.5
61.1
54.1
65.0
53.3
59.8
58.8
71.4
52.8
66.3
50.4
48.4
58.9
60.3
54.5
53.9
49.2
54.7
63.2
55.8
58.4
45.3
59.9
60.3
59.3
45.0
65.1
57.5
55.9
47.6
44.2
61.4
62.1
50.4
80.6
67.6
56.0
60.9
66.0
60.0
66.6
56.0
50.1
54.5
44.4
41.1
57.0
55.2
57.2
58.5
60.5
61.2
60.4
67.9
67.9
70.8
59.0
61.4
64.2
64.1
69.8
77.0
54.8
59.5
61.3
60.1
54.5
63.5
58.7
55.8
65.8
61.0
67.1
58.3
65.8
66.0
59.9
65.3
66.2
78.4
64.6
75.0
58.0
58.3
60.1
61.1
59.7
64.4
55.5
62.5
58.0
59.5
56.4
66.1
59.8
52.5
60.1
60.5
62.3
64.4
58.4
57.1
58.3
52.7
65.6
62.9
58.5
59.2
70.0
63.8
66.4
66.9
55.4
60.9
50.4
53.1
58.4
59.0
55.9
48.5
50.4
64.2
70.4
61.9
57.8
60.3
71.0
50.9
55.0
75.8
62.7
61.3
68.1
57.9
59.6
68.4
60.3
46.5
61.0
65.0
69.0
67.5
67.7
51.6
57.7
52.4
57.8
63.5
60.9
44.7
49.7
59.7
68.3
70.9
71.9
61.4
58.5
66.4
70.4
69.9
64.2
75.4
72.0
63.9
91.6
56.0
58.6
72.5
71.2
63.5
53.0
69.9
56.3
58.2
55.7
62.4
70.1
59.1
72.4
64.2
65.9
58.6
74.3
53.0
56.6
66.1
79.6
88.6
74.0
71.6
73.8
68.9
56.2
53.5
77.9
59.2
63.5
74.0
58.2
64.5
65.5
76.4
50.1
55.6
59.8
77.2
63.6
68.1
55.9
59.2
68.7
62.2
74.0
55.4
63.1
53.9
65.2
61.3
58.3
62.8
69.3
71.3
71.9
50.7
54.9
57.6
63.6
65.3
77.2
72.6
64.7
82.3
49.6
71.2
69.4
80.3
69.6
73.1
60.0
45.6
64.4
59.2
73.5
65.8
62.2
62.8
64.3
88.0
58.6
61.1
70.4
57.5
72.5
56.4
72.1
63.6
62.4
71.6
79.5
69.5
71.2
62.8
76.0
71.5
59.7
63.0
76.8
67.5
69.3
55.9
66.2
83.9
60.0
45.7
61.2
65.7
71.2
55.4
53.6
58.8
65.4
61.0
63.2
67.8
48.0
53.7
43.6
59.4
59.4
56.3
54.1
60.5
62.6
66.7
60.8
64.0
60.5
68.1
73.9
74.2
66.1
79.9
67.0
52.8
51.2
61.8
53.1
52.9
53.1
69.3
65.1
58.6
50.8
60.8
51.0
61.9
67.9
53.3
65.3
62.5
57.9
66.3
79.0
59.1
61.6
62.5
58.3
66.0
66.8
52.9
57.5
50.3
68.3
67.9
66.8
67.9
47.9
61.5
58.5
64.7
72.4
80.9
68.5
60.4
55.9
61.7
63.6
63.2
59.1
53.8
46.8
57.8
69.4
60.3
50.0
58.2
55.1
65.8
56.0
67.2
43.7
52.7
57.1
52.7
63.5
53.1
68.2
72.1
66.7
69.0
74.7
66.2
67.9
64.6
60.4
54.6
57.9
52.5
62.6
54.9
60.7
79.2
65.2
68.0
75.5
65.1
53.3
60.9
68.7
48.1
61.2
68.4
60.8
57.4
60.8
71.1
60.3
60.1
71.4
63.3
61.8
56.1
58.9
62.5
69.7
58.5
68.8
71.1
67.7
57.0
65.7
70.4
65.0
83.7
65.5
70.4
64.6
53.2
68.0
68.6
61.1
61.5
79.0
59.0
63.7
68.4
63.0
77.1
57.9
64.3
50.7
60.9
62.7
58.9
74.4
60.1
71.3
67.5
55.8
67.4
68.0
63.7
70.6
62.2
67.2
62.1
71.6
45.3
52.9
65.3
68.4
55.4
63.2
57.9
53.4
67.7
60.2
52.5
59.3
64.2
60.9
62.0
58.2
53.7
70.2
53.8
54.9
54.1
56.3
52.3
71.4
51.5
54.9
71.9
61.0
51.9
73.9
62.4
69.4
50.6
50.8
89.0
59.0
76.6
50.6
58.3
55.1
71.7
59.8
62.5
63.0
60.0
66.8
62.6
52.0
54.6
77.0
70.8
69.0
64.0
72.6
67.4
65.6
56.6
54.3
59.6
62.1
65.6
58.1
56.6
62.3
63.1
48.8
56.4
69.5
64.0
59.6
71.2
71.3
59.5
51.7
59.2
56.9
55.5
66.4
53.6
66.0
68.0
54.2
69.3
54.0
69.0
64.9
82.8
57.4
54.3
55.3
53.3
49.2
40.2
54.5
61.0
66.3
64.1
56.5
49.6
51.6
64.7
70.0
58.3
71.9
68.3
55.5
69.0
47.0
68.7
62.9
66.3
57.0
54.8
70.9
56.7
62.4
55.8
71.8
56.7
68.5
73.5
48.5
65.8
72.5
66.2
61.5
65.0
61.7
57.1
57.0
53.7
60.1
58.6
60.7
55.0
60.8
59.8
64.7
53.8
77.3
61.9
64.1
71.3
68.6
74.5
64.1
72.0
66.2
68.9
51.5
58.6
60.4
62.3
70.7
47.0
59.5
69.7
64.2
58.6
79.8
82.2
74.3
61.2
59.4
58.1
66.4
53.0
53.7
56.1
50.2
66.5
50.1
55.1
69.3
53.1
58.1
65.4
61.1
63.6
73.8
56.8
58.3
63.5
56.6
56.6
63.3
51.8
57.7
73.5
61.1
60.8
46.3
53.2
56.0
50.9
52.1
63.2
44.6
61.3
64.6
63.5
68.1
65.1
54.4
57.5
65.3
43.4
51.7
61.2
62.3
53.0
63.4
61.5
65.1
59.7
59.1
57.4
52.7
64.0
66.5
73.1
65.0
64.8
67.6
49.6
53.0
63.8
49.1
80.6
52.7
70.8
62.5
72.5
58.4
71.1
59.2
56.4
68.1
70.6
58.1
63.4
53.9
66.6
56.1
53.3
65.2
81.1
74.4
81.1
68.1
68.4
73.8
66.6
62.0
70.7
61.8
66.9
74.3
53.6
61.3
65.6
67.2
59.4
58.7
60.5
44.5
59.1
56.8
60.9
52.7
59.8
51.3
63.2
55.1
68.6
63.4
64.2
70.1
62.4
59.6
61.3
59.8
65.3
60.1
69.5
60.1
47.2
69.0
64.8
71.4
52.9
55.1
62.8
66.0
76.1
64.0
60.3
61.3
66.8
83.4
54.3
66.0
74.6
59.1
64.4
65.0
62.9
52.1
81.6
71.8
60.0
77.0
55.3
63.1
66.8
65.0
60.1
65.8
72.6
65.6
67.4
69.9
64.1
68.0
66.6
67.1
69.7
64.3
66.7
72.8
65.6
67.9
66.2
61.7
68.2
60.5
55.1
62.5
74.8
49.8
68.5
68.5
80.1
66.4
70.2
63.1
58.1
62.4
67.0
48.4
55.9
63.2
58.1
57.2
57.9
59.1
53.1
59.7
51.8
69.2
58.1
58.8
52.1
61.3
54.3
67.2
69.6
63.1
58.5
60.8
54.7
60.9
73.0
59.8
65.4
47.7
48.1
59.2
46.3
62.0
66.5
56.2
77.4
53.2
62.6
71.5
45.4
63.3
61.4
41.6
57.6
67.2
61.8
65.1
59.1
74.0
63.3
47.7
53.8
57.4
44.0
60.7
72.8
68.7
64.4
59.6
68.5
49.3
59.2
68.9
53.9
57.9
64.1
68.0
62.3
63.0
56.6
76.3
64.7
56.3
58.2
57.6
58.6
62.9
55.9
67.9
62.9
49.6
40.3
50.5
46.2
60.0
49.7
72.3
41.0
55.4
60.9
69.2
66.5
51.2
67.4
59.5
39.5
48.5
50.1
60.3
51.2
80.4
57.6
59.5
55.2
56.2
64.5
57.5
58.3
68.2
59.6
69.1
63.4
64.7
66.5
71.7
58.3
56.9
71.1
62.2
68.7
62.1
67.6
66.0
56.2
60.6
78.2
57.4
76.2
65.7
68.5
62.8
61.3
51.0
63.9
54.7
61.6
79.9
67.4
55.2
79.8
53.0
54.7
57.3
68.7
68.1
61.0
75.1
68.5
62.7
75.6
52.6
63.4
72.3
59.0
56.6
84.0
65.0
71.8
77.7
78.4
76.0
70.1
57.4
66.9
44.8
67.5
66.9
81.5
55.9
59.5
80.2
74.3
70.1
56.7
74.6
56.7
69.3
54.0
73.2
78.2
63.6
60.6
63.4
63.1
63.2
68.6
67.7
58.8
61.9
56.1
70.9
57.2
63.0
76.9
65.9
61.5
78.8
79.5
70.0
70.9
76.4
69.5
55.8
74.0
74.8
58.2
73.9
81.4
66.5
56.6
57.3
68.9
58.8
82.5
63.5
69.8
68.7
65.4
72.2
84.2
57.7
77.5
68.5
78.5
77.2
81.1
65.5
81.0
82.6
69.6
79.1
75.4
74.2
88.3
74.4
73.8
82.9
63.6
76.9
82.0
66.1
56.6
59.0
75.1
58.3
71.3
72.3
77.2
67.7
66.8
74.7
67.8
82.2
85.4
87.0
89.0
61.3
77.1
72.0
85.7
82.9
74.0
75.0
80.6
83.5
67.4
67.2
70.9
75.3
77.4
67.4
73.1
69.3
71.3
82.4
82.9
84.5
80.4
78.6
80.9
66.9
76.5
77.1
80.9
79.3
67.4
55.7
72.5
66.5
74.3
74.3
65.6
68.3
71.5
82.6
72.2
74.9
75.3
80.8
72.0
57.1
72.1
74.9
75.1
78.6
65.0
58.0
65.5
75.6
72.5
80.3
79.8
74.8
63.7
75.2
64.8
60.9
65.9
73.5
67.1
83.7
63.5
72.4
76.2
76.6
75.4
74.3
77.9
74.2
83.0
72.6
72.3
72.5
87.1
88.6
86.1
67.2
60.5
77.8
64.5
66.1
71.3
77.2
70.4
74.8
74.0
73.0
77.8
80.1
71.1
90.9
73.1
63.3
82.9
84.0
82.0
82.7
79.0
81.6
80.2
69.3
62.6
68.8
74.5
72.4
69.6
84.2
69.1
65.7
73.2
71.7
73.7
68.3
72.4
87.4
78.6
70.6
78.0
74.1
78.1
74.3
79.0
77.1
79.3
78.2
70.0
76.8
85.3
73.9
79.6
80.4
70.6
82.3
61.3
69.6
71.5
71.7
79.8
68.8
63.6
78.7
72.7
65.8
76.1
63.8
82.1
81.9
79.2
61.4
82.3
71.4
73.6
81.8
80.8
76.1
77.8
63.4
71.1
61.2
67.3
65.3
70.0
71.7
69.4
80.6
76.0
69.7
66.5
65.5
75.1
80.0
77.8
91.3
65.7
61.0
57.8
68.4
74.2
80.2
59.2
61.6
79.0
78.0
78.7
89.0
83.2
79.1
71.8
75.2
68.8
70.8
65.8
76.4
70.1
75.4
76.0
69.9
68.2
67.4
73.0
71.3
78.5
69.3
71.6
75.4
79.5
66.6
68.8
73.8
80.6
77.3
84.9
77.8
73.9
83.3
70.5
73.7
71.9
81.5
89.2
72.6
80.8
65.2
79.5
85.9
75.5
78.6
67.5
75.7
81.8
70.5
72.1
73.8
68.7
76.1
76.0
67.8
66.5
75.9
77.6
66.9
68.3
69.4
69.7
70.1
73.7
73.7
81.0
68.4
72.2
85.0
72.8
78.3
73.3
76.3
72.4
82.9
73.6
79.5
68.8
72.8
75.1
72.9
72.3
62.7
67.4
63.3
72.6
61.7
74.3
68.2
63.9
65.6
72.5
75.0
71.9
71.1
74.7
75.8
77.3
67.3
65.4
73.2
74.3
74.7
73.1
65.4
84.4
84.8
77.9
73.4
64.9
73.9
71.5
75.1
75.8
86.6
75.0
77.8
76.2
71.2
73.9
75.3
81.1
72.1
75.1
68.6
63.5
74.4
66.7
77.0
72.3
86.1
72.9
79.5
63.3
82.9
66.7
76.4
73.5
76.8
86.1
86.5
69.5
74.3
67.4
88.0
86.1
81.9
73.5
74.7
68.5
74.3
68.9
81.9
66.6
66.3
65.9
68.7
67.1
63.1
66.6
66.3
79.8
80.0
74.5
71.0
74.7
74.0
68.9
78.3
63.3
71.5
67.3
69.0
75.5
70.3
77.6
88.0
70.5
74.5
70.4
78.6
76.6
76.7
73.2
59.1
85.4
66.2
65.4
72.2
69.6
76.0
70.5
87.0
83.2
74.5
77.3
72.8
74.8
71.1
66.8
59.3
76.0
73.8
82.9
77.3
72.6
81.2
64.1
54.3
84.2
88.7
84.2
69.8
74.8
83.1
65.5
77.1
71.9
81.0
84.7
79.0
67.0
73.8
74.3
72.4
74.3
83.5
71.1
71.7
71.0
87.2
75.8
68.4
66.0
80.5
76.2
60.7
62.1
64.6
77.3
73.8
71.6
67.6
70.1
72.7
71.0
70.0
73.8
73.7
67.8
72.9
89.1
73.6
62.5
61.9
79.3
73.0
78.3
68.3
71.5
74.4
85.2
76.1
69.4
69.6
78.4
69.2
76.2
77.0
63.5
61.9
87.5
64.8
63.9
62.3
81.5
68.7
67.0
73.9
71.0
67.0
72.4
68.6
66.9
88.3
69.8
79.1
67.3
81.6
63.1
66.9
71.8
75.9
66.7
71.4
62.4
66.5
62.5
77.5
71.5
68.2
65.2
76.8
68.8
64.7
73.2
67.8
64.5
62.7
69.8
67.0
71.2
64.4
68.4
65.7
64.7
62.1
75.5
71.2
71.2
72.1
78.9
75.4
73.3
72.3
59.9
61.9
59.5
74.9
69.6
72.1
68.1
80.1
79.2
83.1
64.8
69.1
78.0
74.3
64.2
81.1
57.7
67.8
64.3
65.0
67.6
61.7
73.5
72.2
74.9
69.6
61.8
57.8
61.5
59.1
77.1
70.1
58.6
65.4
68.2
63.7
64.5
72.1
59.3
71.3
65.1
66.4
72.5
65.5
74.9
67.8
62.1
55.6
57.5
60.6
74.3
68.1
68.0
56.2
73.8
69.6
75.1
72.7
64.4
69.6
79.8
69.8
68.4
57.6
70.8
66.6
61.9
65.6
60.7
58.3
62.3
71.4
66.4
71.6
54.9
66.5
44.8
63.8
63.9
61.4
75.6
81.1
63.8
75.3
75.8
79.2
66.4
71.7
71.1
51.3
69.6
68.1
67.5
72.0
62.8
72.9
64.1
67.9
68.7
65.4
63.0
70.5
64.4
78.2
63.8
62.2
79.0
69.0
68.5
52.2
64.7
69.6
63.6
83.0
54.1
67.3
74.1
54.9
77.7
67.4
76.2
71.9
72.5
69.4
77.0
62.7
69.2
79.0
48.9
56.5
64.2
64.1
61.0
65.3
47.9
66.1
70.0
62.9
63.6
74.4
70.1
61.8
70.5
64.6
69.1
72.2
49.2
79.8
76.0
76.6
73.4
80.2
63.1
60.6
61.5
58.4
67.1
64.4
70.2
66.6
73.4
65.5
63.6
77.8
68.5
72.6
65.2
79.6
60.2
63.0
73.5
69.5
69.5
65.3
64.3
55.0
67.8
67.6
67.8
65.4
71.9
61.9
54.3
54.1
64.1
66.0
74.3
70.7
73.8
62.3
71.2
76.2
75.9
62.7
69.6
77.3
56.5
58.1
63.0
60.2
73.3
65.2
63.4
62.1
76.2
72.0
69.7
76.9
58.8
60.0
56.3
75.9
67.6
71.7
52.1
65.8
61.9
75.6
80.9
74.9
79.1
77.2
78.1
71.1
69.7
71.3
77.6
70.7
71.7
59.3
53.6
73.0
75.8
59.2
64.5
56.7
60.3
79.3
67.4
71.0
68.7
60.7
67.8
61.5
71.6
65.7
70.9
69.1
65.2
58.2
68.5
71.0
77.1
67.2
71.6
72.6
75.7
73.0
81.0
67.3
61.7
80.9
56.1
59.4
69.9
62.8
64.8
65.6
55.2
45.7
68.0
65.7
56.4
63.6
67.9
71.0
73.4
57.5
67.5
54.2
68.0
62.4
68.2
99.5
57.9
58.5
64.1
65.6
78.7
82.5
65.3
90.7
67.7
53.5
74.4
67.2
55.9
57.6
69.8
77.1
76.8
68.2
64.0
67.2
74.8
66.9
67.4
72.3
75.2
64.2
73.7
62.3
52.6
62.9
71.4
68.8
76.7
73.8
63.8
64.0
66.5
72.1
46.7
73.2
68.2
77.5
71.9
80.5
66.1
74.4
61.6
77.6
83.2
71.8
70.6
58.7
71.5
58.7
67.5
72.7
59.6
51.2
56.2
63.6
47.8
56.2
67.5
47.0
52.2
60.3
51.2
66.5
69.4
70.1
54.6
66.3
69.6
64.0
54.4
70.9
52.1
55.8
41.6
53.4
50.9
54.5
70.3
61.6
39.3
46.0
58.9
67.8
49.3
55.6
57.0
54.6
69.8
62.1
56.4
64.4
60.7
50.0
54.1
54.6
53.6
59.5
51.7
66.5
49.4
51.2
55.1
40.8
51.7
58.3
54.3
49.8
63.3
53.7
59.7
60.8
62.6
56.7
48.8
60.4
60.8
47.9
62.6
56.0
55.5
74.8
49.8
66.0
61.7
60.7
60.0
68.7
49.2
65.8
63.9
62.4
62.6
67.4
58.7
53.1
65.3
64.2
72.6
54.8
66.5
70.3
63.7
66.4
63.3
74.2
69.0
51.4
76.0
67.0
66.6
73.9
69.6
52.8
67.9
61.1
52.6
52.6
50.0
43.9
55.9
64.0
66.1
73.3
48.5
56.6
62.8
58.5
53.9
61.7
58.5
48.8
62.9
62.7
74.8
61.6
60.8
50.3
61.1
65.4
57.2
57.6
64.8
42.3
47.4
53.2
68.0
52.0
57.8
67.4
67.2
65.9
59.9
58.2
55.0
58.1
67.2
57.5
65.1
56.3
68.8
76.3
58.6
53.5
53.9
71.7
66.4
52.3
61.2
61.3
64.1
69.0
52.1
59.6
58.8
54.0
51.6
71.3
53.6
54.0
63.6
55.3
55.6
58.5
56.5
51.9
45.9
66.3
60.3
63.8
56.9
60.6
60.6
60.7
58.9
57.5
61.5
57.7
69.9
73.8
69.0
50.8
70.1
69.3
62.7
54.6
76.1
71.1
76.5
51.4
64.5
79.3
58.1
66.5
61.8
72.1
66.8
61.6
87.0
50.6
71.2
59.4
75.7
63.9
63.6
77.0
57.1
57.1
64.9
68.8
71.7
67.4
71.4
70.2
53.8
63.2
65.9
70.2
52.7
60.5
56.3
64.6
57.0
50.2
66.5
59.6
66.8
61.5
63.9
66.7
55.0
55.4
59.3
57.1
57.0
55.9
64.5
63.7
64.7
74.5
58.3
63.3
66.7
65.2
59.9
69.1
61.7
57.0
72.5
62.7
56.6
38.9
49.8
50.8
56.1
62.2
60.4
55.8
38.5
52.9
62.5
66.0
52.2
58.1
58.7
67.1
58.7
68.4
72.8
61.3
50.0
66.9
62.9
63.9
73.5
56.7
73.7
67.9
68.7
66.1
67.7
77.4
66.1
66.8
64.7
71.1
53.9
76.7
72.5
52.7
66.3
53.7
63.4
67.2
54.8
65.5
63.9
51.2
56.5
67.4
60.8
59.4
72.2
42.2
69.3
73.2
67.8
59.6
63.7
64.3
59.1
47.0
61.5
42.6
47.4
63.7
59.8
46.8
56.2
45.6
49.2
38.7
60.8
65.6
68.6
64.0
56.3
59.5
46.4
67.9
46.8
53.2
59.4
51.9
48.5
63.7
58.5
67.9
56.8
63.8
61.4
51.6
61.4
71.5
51.9
62.4
59.6
60.1
49.5
64.1
52.7
42.7
52.3
56.9
55.3
56.7
46.8
56.2
58.2
54.2
41.9
62.3
66.7
64.2
58.9
68.0
61.0
48.7
48.1
54.3
70.0
57.4
60.7
63.1
57.1
70.1
44.4
62.3
63.2
72.4
66.3
74.9
68.4
65.3
59.8
77.6
63.9
59.5
61.4
61.3
80.0
79.7
78.6
78.3
78.6
73.7
67.5
71.9
60.2
81.6
65.8
76.1
79.0
69.8
67.2
56.6
76.7
66.2
71.4
57.8
59.6
68.0
68.1
57.8
77.6
79.4
68.8
68.1
73.3
76.7
75.5
63.7
69.9
68.5
74.0
61.2
70.8
72.3
78.6
75.9
63.2
74.4
67.8
58.8
58.6
65.7
66.4
69.6
58.1
70.0
88.7
66.9
68.1
77.6
73.8
59.8
61.1
64.7
69.0
60.5
74.8
64.4
79.6
68.2
59.2
62.4
71.7
66.7
71.6
71.9
66.8
70.2
72.9
68.0
72.0
68.0
74.8
81.8
78.1
58.1
65.9
67.6
83.0
64.0
68.3
65.2
80.2
79.8
73.6
70.7
63.0
70.7
65.9
75.5
84.5
83.1
60.8
73.0
78.8
78.2
62.9
66.4
66.2
81.7
60.1
82.1
74.7
72.0
59.1
62.3
73.3
67.0
63.0
67.7
55.7
58.9
62.3
66.0
56.5
66.0
56.8
58.5
57.4
62.2
66.7
59.7
48.9
67.9
69.5
69.1
67.9
72.4
65.5
59.0
67.1
41.0
64.6
53.5
62.1
55.0
52.9
51.8
55.1
73.1
62.3
67.9
66.8
58.9
56.5
58.0
68.4
57.5
69.2
71.3
64.4
58.8
48.9
76.0
61.8
57.1
56.0
85.2
59.2
73.7
76.3
71.5
74.1
70.4
66.6
74.3
61.2
53.2
66.5
68.9
68.4
66.9
72.0
59.2
76.1
65.0
68.0
66.4
73.6
71.4
80.5
71.5
65.7
59.6
78.2
73.0
72.4
77.2
78.3
74.1
75.6
67.5
61.6
66.9
77.2
67.2
79.6
64.1
75.5
79.3
76.2
77.0
65.8
70.2
79.3
79.5
75.9
75.5
76.9
72.1
78.2
64.5
83.8
67.9
67.3
72.4
69.3
83.5
68.5
72.3
77.4
72.7
83.6
75.6
64.0
71.4
70.3
75.4
69.3
61.6
74.7
72.3
71.5
69.8
81.6
88.0
76.6
62.7
77.9
76.0
65.6
68.0
66.4
74.2
76.8
69.6
76.3
75.0
67.5
63.0
86.6
78.7
71.5
73.8
75.2
79.5
80.1
63.0
67.2
67.3
64.7
67.4
60.3
72.3
70.1
68.7
77.2
70.5
74.7
63.3
64.9
74.1
64.7
59.7
70.9
79.1
74.2
75.0
77.0
79.2
76.9
70.6
76.9
67.9
73.5
79.6
80.2
80.1
77.3
61.1
74.0
68.5
70.5
68.1
68.7
74.6
70.2
61.8
72.6
60.7
59.9
92.6
66.1
75.7
75.2
80.2
70.5
71.5
77.0
69.2
75.9
80.2
74.4
68.4
71.0
67.1
65.3
66.5
74.5
67.5
79.4
70.4
75.8
72.1
82.1
65.4
77.3
77.8
78.3
77.4
70.0
74.3
62.8
70.0
69.2
84.7
83.2
77.1
78.4
71.8
74.9
78.0
64.1
74.6
88.1
71.1
64.0
74.9
60.0
62.6
59.8
64.5
67.4
70.2
79.3
86.0
67.0
68.0
67.9
80.6
70.4
79.8
90.9
75.2
62.5
75.1
69.5
85.5
71.8
69.7
70.4
78.7
81.4
87.4
75.4
69.7
80.6
94.8
68.0
61.8
77.3
64.2
70.9
77.5
69.9
68.2
75.9
82.3
72.0
69.9
68.1
68.5
83.6
73.7
71.3
78.4
79.1
71.3
89.2
76.7
68.2
91.2
67.2
80.3
62.1
80.5
67.8
78.1
60.4
79.7
77.3
67.3
59.7
71.8
72.3
96.4
81.6
62.3
66.4
72.1
85.7
77.7
83.5
73.0
75.1
66.9
80.2
81.4
75.7
74.7
65.1
80.7
75.9
71.6
78.5
74.6
71.6
76.0
61.5
74.3
70.6
85.9
75.7
60.1
55.5
83.2
80.2
70.8
71.2
84.9
77.6
74.4
71.2
81.9
81.5
72.1
59.3
50.9
74.1
79.5
73.6
64.6
79.9
68.3
72.1
78.8
76.4
68.0
69.2
70.3
75.7
78.9
68.3
78.1
85.6
79.2
69.3
72.6
77.1
75.7
72.1
86.7
67.0
63.7
67.1
78.4
77.2
65.7
75.4
72.4
81.0
61.1
84.4
74.2
76.9
73.7
80.2
74.9
68.1
82.8
55.0
73.6
84.1
67.5
76.3
81.7
75.0
74.0
68.5
73.3
70.5
81.2
73.6
74.5
74.0
68.1
63.1
68.8
62.6
71.4
74.3
73.5
78.6
68.5
71.4
76.5
77.8
69.2
72.0
81.8
64.1
55.6
81.2
79.4
86.5
73.0
68.3
62.4
67.7
75.1
77.2
79.1
72.8
81.1
59.4
71.9
58.1
69.9
65.6
62.8
71.4
68.5
83.8
60.5
59.8
68.3
54.1
70.0
70.0
70.9
61.0
60.3
70.6
74.9
56.6
63.5
73.3
71.2
69.3
60.9
64.6
59.3
57.8
51.0
68.1
54.1
70.5
70.6
75.1
59.3
75.0
60.0
72.9
58.4
59.3
58.8
59.1
53.7
46.1
58.1
63.6
60.3
69.1
62.1
70.1
70.7
51.2
65.8
72.8
71.0
65.6
64.6
76.4
56.7
48.4
62.9
65.3
65.0
67.0
71.7
71.9
62.8
70.0
75.3
61.9
55.7
65.1
51.9
60.7
68.0
57.4
61.3
54.2
82.3
59.2
53.5
63.4
63.4
54.7
62.4
50.9
67.9
63.4
56.6
70.4
54.1
51.4
70.9
56.5
77.4
77.0
69.2
63.7
67.0
65.1
60.4
60.0
80.7
73.5
62.0
54.8
60.5
57.5
51.1
69.8
55.8
54.0
49.7
54.5
62.5
47.0
66.5
60.4
63.1
62.4
55.6
63.6
59.4
55.3
63.7
63.9
58.3
43.9
57.8
61.4
49.6
56.3
62.4
57.4
52.3
43.6
57.9
67.2
56.8
62.4
68.8
60.4
61.1
48.5
44.1
57.8
56.2
62.6
72.6
63.2
68.0
63.9
43.5
57.7
56.0
40.0
51.3
66.2
61.4
56.4
66.1
55.0
58.8
64.2
56.5
64.9
52.5
58.9
62.0
56.2
55.3
49.1
49.9
55.1
50.1
49.9
62.6
59.2
66.7
66.2
70.4
47.6
46.9
50.8
72.8
55.6
55.8
52.5
61.2
62.7
55.0
59.8
64.0
71.8
58.0
55.7
37.2
73.4
57.4
70.9
68.9
58.7
56.3
68.0
47.3
53.5
60.3
76.0
51.1
43.0
52.6
69.4
64.1
63.0
62.9
61.5
81.9
69.2
75.9
52.0
48.9
63.4
55.9
60.2
60.3
77.2
63.2
56.9
61.0
68.6
65.7
64.9
79.7
59.4
58.5
71.0
57.0
64.1
64.2
65.1
58.1
62.2
67.4
63.5
66.3
63.5
47.4
66.3
65.1
58.6
65.3
75.4
58.0
67.2
73.3
58.6
47.3
49.9
71.5
59.5
53.7
75.5
54.2
63.6
55.3
65.5
70.1
66.2
47.2
63.6
53.5
78.1
89.8
72.5
65.0
67.9
61.9
76.1
73.9
74.5
78.6
52.3
75.3
67.9
70.5
74.6
74.7
67.2
67.1
73.0
48.1
70.7
78.7
66.5
75.6
85.8
68.9
58.8
75.9
58.0
67.9
75.4
67.4
62.5
68.5
68.4
68.3
58.7
64.9
70.4
62.9
70.2
71.1
63.2
87.7
52.6
68.4
73.0
75.8
72.5
64.8
63.1
66.6
70.6
72.2
71.6
78.5
59.0
73.7
68.7
65.4
58.4
59.2
76.3
71.8
68.3
57.2
61.9
62.7
67.4
77.4
61.6
69.2
82.1
68.4
61.0
62.1
62.8
57.4
76.4
70.7
70.3
66.2
68.3
65.5
58.1
66.2
72.8
61.0
65.9
63.4
56.2
66.7
60.5
76.6
60.1
64.6
66.8
45.0
57.3
54.8
59.6
69.6
71.2
88.2
54.1
63.2
59.9
56.3
63.2
58.4
59.6
65.2
66.0
81.2
68.9
62.4
62.2
66.7
73.8
60.0
68.9
69.5
58.2
65.2
60.4
65.8
63.4
58.4
76.3
72.7
67.1
72.0
65.6
59.7
54.1
80.5
55.1
68.9
68.0
61.9
58.9
78.7
80.0
65.7
64.6
63.9
66.3
55.7
70.8
76.2
