247
238.9
252.9
265.3
251.7
249.4
261.5
245.6
267.7
254.2
253.2
246.7
260.4
259.6
256.7
262.8
259.3
244.7
281.3
255.8
271.1
251.9
259.5
253.7
258.2
267.1
271
279.4
287.7
260.4
266.7
256.1
267.9
242.9
252.7
260.3
264.2
249.8
271
272.7
268.2
244.3
263.9
280.4
280.1
261.7
256.5
268.8
265.9
261
273.9
263.1
246.7
267.1
254.7
254.1
245.8
273.7
255.8
261.8
251.3
275.7
266.1
259
261.9
259.7
287.3
259.1
243.2
267.9
265.5
258.7
253.9
257.7
264.3
251.9
278.8
270.3
256.7
253.2
266.2
259.2
259.6
281.8
268.5
277
248.9
270.8
268.3
257.2
247.6
237.3
278.5
266.4
279.9
259.9
266.9
247.8
235
257.1
269.1
257.8
266.7
258
254.2
262.6
268
251.6
266.9
264
264
261.5
272.9
264.4
269.9
258.7
260.6
271.3
257.2
271.3
258.3
261.9
270.7
273.4
270.9
271.4
265.9
265
256.5
259.6
278.1
275.1
260.8
278.8
279.1
253.5
274.5
272.3
261.4
270.2
271.4
276.3
266.1
268.1
265.1
257.7
261.8
271
269.9
268.1
269.2
268.1
237.5
256.7
276
249.7
274.1
263.7
262.5
269.7
258.4
266
259.6
263
244.5
270.8
280.3
279.9
265.4
260.5
264.8
280
278.2
257.9
282.4
273.6
278.4
283.8
286.8
271.5
274.1
271.7
271.3
270
258.2
260.8
264.6
261.4
270.7
255.9
267.9
272.6
263.1
265.4
268.9
261.1
257.8
263.9
240.6
275.6
299
263.1
256.8
271.6
282.2
266.2
265.6
256.9
251.1
268.9
275.6
258.2
273.3
274.2
259.1
262.1
260.9
245.1
252.9
270.1
264.1
261.3
259
280
260.6
260.7
270.8
259
281.2
281.8
279.7
253.3
270.9
275.7
266.7
270
245.1
242.2
253.7
265.5
270.7
267.1
270.2
281.5
272.3
266
278.1
269.3
267.5
283.8
264.3
256.6
266.4
263.7
263.1
254.3
273.7
273.6
274.4
281.7
265.9
277.7
254.5
282.4
261.6
245
279.1
288.3
270.3
274.7
260.4
256.1
273.3
271.5
270
257.5
280.7
282.5
292.8
249.4
274.2
282.4
266.5
249.5
278.4
276.6
270.6
272
263.6
249.1
260.1
256.5
273
276.7
279.3
245.8
266.5
279.3
260.7
249.9
256.1
268.5
263.6
262.6
255.1
248
266.9
259.5
292.4
285.3
281.2
274.4
276.5
275.8
265.2
264.2
284
285.2
274.4
266.3
267.7
257.8
279.8
282
281
275.6
270.2
271.5
282
266.2
276.6
266.1
263.5
271.3
274.8
275.1
276.8
271.2
256
256.6
271.5
261.6
272.4
287.8
270.6
261
263.8
276.8
287.3
251.6
277.6
272
274.7
257.8
261.6
249.2
270.7
271
247.7
269.2
275.3
266.4
258.7
252.6
245.2
257.5
261.9
249.4
253.1
271.3
267.8
252.3
267.6
285.2
259.1
254.6
276.5
271
279.1
292.1
269.1
264.2
258
273.7
269
259.2
264.6
276.7
256.4
267.8
266.1
261.2
259.7
275.8
256.6
252
276
260.4
262.1
273.8
264.1
273.8
277.8
282.5
256.2
269.3
276.9
260.4
267.8
289.8
260.9
265.1
243.9
265.5
259.9
293.3
278.3
270.6
283.5
275.6
278.7
282.9
247.6
294.3
270.7
260.5
254.3
269.9
257.6
260.6
267.1
295.2
253.4
293.5
289.9
270.8
269.2
265.9
259.4
259
265.8
257.8
282.6
257.3
264.9
260.7
246.4
240.1
267.7
275.2
261
273.5
249.5
278.6
264.3
276.1
285.9
282.7
254.9
269.9
253.6
264
250.2
253.8
257.9
264.9
269
273.5
249.7
272.9
247.7
243.1
275.9
257.5
280.7
271.9
276.3
254
263.1
278.1
286.2
262.8
287.3
278.8
252.1
291.6
259.4
260.6
268.8
270.6
264.2
262.1
260.1
268.6
261.7
249.7
262.1
267.6
247
255.4
245.4
246
258.6
260
260.9
291.8
262.5
246.3
254.1
281.3
283
256.7
266.8
269.7
278.3
273.8
277.1
266.4
296.5
275.2
264.7
270.2
278
269.9
264.2
271.8
280.2
277.2
284.9
265.4
278.1
289.3
278.6
295.8
270
277.4
283.4
291.8
265.4
248.3
256.4
272.1
279.6
278.2
287
279.7
272.6
266.4
274.7
256.3
274.2
258.2
280.7
265.4
291
265.8
282.4
281.7
277.1
260.9
274.3
272.8
273.8
260.9
277.4
258.6
270
261.2
246.9
268.3
290.2
259.1
270.4
265.5
266.1
253.9
270.8
264.4
282.2
265.6
301.5
278.8
278.6
276.9
259.2
269.3
270.2
276.8
266.8
264.7
270.8
264.8
252.7
287.5
265
274.6
274.6
263.4
289.3
278.8
263.5
281.1
278.9
273.9
284.6
266.1
264.7
291.1
257.5
254.7
268.1
279.8
294.3
263.1
289.3
261.9
269.8
273.5
258
271.7
285
265
263.2
273.5
250.7
274.5
263.7
275.5
288.2
273.5
262.3
268.6
293.3
290.7
277
292.6
267.5
289.1
262.9
267.5
295.4
253.9
275.6
274.3
274.9
283.3
270.5
278.5
274.8
286.1
272.6
262.6
272.2
254.6
279.4
274.2
262.5
272.2
274.8
276.3
257.7
277.2
263.5
285.6
271
278.8
294.6
276
268.9
282.2
266.7
279.7
258.3
267.2
264.2
258.8
273
282.8
284.5
287.2
286.6
270.2
284.3
283
274.3
283
276.7
247.5
277.6
276.7
276.7
273.8
263.8
269.5
274.4
292.2
276.5
270.5
275.5
277.4
273.9
286.9
294.6
273.9
282.8
288
282.1
270.3
279.9
288.2
281.5
276.2
278.1
282.3
266.5
282.2
282.8
274.8
276.5
277.1
279.4
280.6
281.8
279.1
288.1
283.1
275
290
280
287.6
270.7
280.7
274.2
280.8
293.7
264.9
280.4
281.2
276.3
279.6
307
277.8
299.5
278.4
288.2
259.5
288.6
287.5
280.7
276
280.2
281.2
271.3
254.6
276.4
293
263.5
281
266
271.2
265.6
250.5
270.5
271.3
262.6
247
259.2
262.4
260.4
246
250
277.9
268.6
256.1
276.1
274.2
265.7
267.1
265.4
275.6
275.6
277.3
291.9
280.7
267.1
271.5
263.6
266
278.5
263
271
270.1
265.6
267.6
259.4
264.4
264
268.1
263.1
272.1
273.2
267.4
267.3
272.8
252
256.6
268.5
258
270.3
278.4
265.8
269.3
267.9
268
259.2
276.7
281.3
278.2
255.8
245.1
254.8
246.8
258.1
272.6
270.6
294.6
251.3
265.7
271.1
273.8
271.7
256.5
265.4
263.3
276.4
262.5
256.6
262.5
267.1
271.7
265.5
255.8
268.4
247.2
282.7
266.3
272.3
264.5
269.5
263.1
279.6
274.2
265.5
266.9
288.9
284
282.2
269.5
275.7
284.8
257.9
290.1
281.4
268
269.4
272.9
279.5
269.2
276.6
282.6
263.5
258.6
280.7
263.3
280.9
262.8
275.6
267.2
288.9
281.8
281.9
272
273.9
271.3
271.2
285.8
287
280.5
284.1
290.6
284.4
282.3
303
288
285.2
278.3
291.4
279.4
278.2
283.6
275.4
268.3
270.7
270.6
284.9
269
261.9
255.5
263.6
273.7
268.8
260.4
275
258.7
272.2
244.2
275.9
262.9
271.7
262.7
266.7
259.8
273.2
257.8
263.6
265.3
292
266.4
277.1
265
260.1
272.7
271
265.3
266.4
277.1
263.2
253.7
264.2
262.8
273.2
266
255.3
263.4
278.1
239.9
274.9
287.4
277.8
262.4
268.2
276.4
269.5
265.3
282.5
280
273
286.5
261.2
269.5
278.6
270.9
254.5
275.2
282.1
272
288.6
261.6
255.5
262.3
266.2
269.2
257.8
280.6
266.7
283.7
277.5
262
270.8
265.9
268.7
257
271.2
257.2
255.3
273.9
250
256.5
275.9
268
268.7
273.3
270.3
264.3
268.4
263.8
277
259.2
278.7
259.3
260.7
249.4
275.5
260.5
273.8
275.7
285.8
265.7
272.3
257.7
276
269.7
265.3
262.7
269.8
280.7
279.5
268.2
275.7
275
274.3
273
246.7
271
271.1
256.1
289
266.2
270.1
267.1
272.4
265.4
281.1
262.4
243.6
265.3
255.6
262.1
267.1
271.5
266.5
264.8
283.3
258.8
275.7
275.8
261.4
247.9
267.7
262
278.7
276.5
268.9
278.3
245.7
273.6
263.4
243.5
266.8
274.1
268.9
285.1
267.3
284.9
272.8
264.2
271.4
265.1
282.4
249.3
270.3
256.5
260.1
277.2
272.1
266.1
272
248.9
278.9
256.4
276.8
265.1
261.3
266.6
251.8
253.8
263.9
248.7
280.6
265.2
267.8
275.9
262.3
266.4
256.4
262.4
269
277.9
258.9
259.9
277.1
280.5
283.6
257.5
283.9
263.7
249.7
262
251.8
270.2
259.5
290.4
286.6
261.1
272.5
258.9
270.7
269
261.2
262.6
247
264.8
279.6
275
262.7
268.8
271.2
263.2
277.1
272.7
268.3
278.3
268.1
281.2
275.8
259.3
267.7
274.2
268.8
265.5
262.3
269.7
258.4
270.6
255.4
261.4
258.1
272.2
261.4
275.9
279.3
249
250.2
274.7
279.1
269.3
258.9
261.2
268.4
261.4
264.9
243.3
248.5
270.9
264.4
263.4
254.9
272.3
269.9
254.4
257
253.3
256.8
277.5
265
255.3
273.8
269.5
274.3
260
249.3
266.7
273.2
278.4
277.2
252
282.4
258.9
257.6
269.3
281.2
284.3
260.9
255.9
278.7
272.8
287.9
258
273.8
247.7
260.4
260.5
277.9
282.3
247.3
259.5
271.3
243.3
259.6
253.3
266.7
261.1
264.1
266.6
268.2
275.3
264.5
265.7
266.8
247
257.8
244.8
273.5
269.4
263.6
267.5
273.1
271.2
244.8
262.1
283.2
245
260.8
269
268.2
258.6
263
277.7
258.7
254.3
264.6
267.2
241.8
268.1
264.8
257
267.6
269.2
267.6
248.1
268.4
255.9
265.9
270.7
271.8
264.3
267.5
294.5
260.5
286.7
265.5
272.7
274.7
279.4
257.2
272.9
275.7
264.7
263.3
262.3
264.4
257.7
263.7
287.2
275
274.7
270.3
271.6
272.2
287.1
247.6
251.2
274.2
273
284.9
260.7
271.2
244.3
298
250.5
263.2
255
265.1
264.3
252.8
250.4
283.7
258.9
270.1
250.9
282.2
272.4
259.4
263.3
260
262.7
245.6
288.6
270
283.1
276
272.3
276.9
268.5
257.6
274.4
279.5
259.9
280.6
278.1
267.2
277.1
261.5
257.3
275.1
285.7
276.3
251.9
254.8
266.2
273.1
272.2
295.6
275.2
268.6
262.9
278.1
257.7
250
275.6
294
265.3
270.8
261.5
266
291.9
272.2
258.2
263.3
277.5
276.9
272.1
272.7
273.3
271.9
261.3
244.3
273.8
280.2
257.5
258.6
257.6
281.2
279.2
248.6
270.7
264.9
278.9
262.3
269.7
268.7
268.3
266.8
277.7
282.5
278.4
281.8
272.7
260.1
273.7
266.1
278.4
261.9
269.9
268.3
267.4
257.4
256.2
282.5
255.5
270.4
281.8
273.5
253.8
269.2
271.9
274.3
279.4
271.4
266.3
249.9
249.6
274.4
274.6
274.1
274.1
278.3
285
283.1
254.8
260.7
271.2
261.4
269.5
267.9
260
268
251.8
261.8
275
282.5
274.7
260.7
272.4
274.3
264.8
282.1
271.5
266.8
279.8
261.3
278.3
266.5
269.6
250.2
268.9
263.7
273.1
251.5
254.1
265.5
280.9
290.8
256
280.6
286.5
283.4
262.4
277.2
281.4
287.6
282.8
251.6
251.2
274.6
278.3
285.5
277.7
274.7
272
284.8
266.9
270
273.2
261.9
267.7
266.5
263.8
278
293
275.8
269
275.6
263.4
261.1
269.8
271.8
287.8
262.9
275.5
267.6
280.1
271.3
252.6
278.4
252.2
271.7
288.5
275.1
277.8
277
264.8
252.8
265.1
258.5
279
265.5
280.6
270.3
304.3
283.9
276.1
266.9
279.5
285.7
260.7
259.3
285.5
273.1
278.9
264.2
257.5
273.6
279.4
273.8
268
266
270.2
271.1
260
288.3
281.9
281.4
280.4
259.3
245.7
270
270.5
271.9
270.2
265.9
294.1
269
262.5
273.1
281.3
287
277.8
268.3
267.5
273.6
271.4
255.8
253.3
261
257.5
259
272.5
274.4
273.7
270.4
266.3
276
272.7
286.3
275.9
286.6
295.7
288.3
267.6
274.5
282.3
263
268
274.6
260.6
278.3
273.7
258.5
279.6
273
275.6
257.7
272.3
278.5
269.9
267.5
275.8
276.7
282.7
276.1
282.5
267.3
257
276.9
268
255.9
263.4
269.9
266.9
268.8
273.2
259.9
261.1
254.8
269
252.2
269.4
268
272.1
269
279.7
273.7
274.5
278.9
276.1
273.8
294.4
264.9
252.4
264.1
247.2
252
257
281.5
284.4
278.8
280.4
272.1
284
263.2
259.2
264
270.1
262.5
274.5
272
281.1
257.4
261.2
285.5
270
271.5
279.5
263
285.4
268.6
262.7
250.8
259.3
272.2
266.3
275
273.8
278.4
262.2
275.9
256
283
276.7
275.8
287.6
277.3
281.8
284
256
286.7
270.9
266.6
266.5
267.6
268.2
270.9
250.4
283.9
272.4
265.4
269.6
277.1
273.1
264.1
279.6
264.8
277.8
285.9
269.5
279.5
265.2
285.5
279.4
279.8
273.1
266.2
259
261.3
270.2
287.6
273.1
270.9
280
270.4
279.8
270.3
289
269.4
272.6
253.8
271.6
268.9
264.3
245.3
252.7
260.5
248.8
280.9
277.3
285.2
250.6
267
265.7
264.4
281.6
278.8
266.4
276.2
261.7
275.2
265.7
302.3
274.2
272.4
246.7
269.3
265.6
270.3
275.1
281.4
283.5
270.8
277.6
307.8
271.4
291.7
264.7
265.2
285.2
283.4
274.4
262.3
276.9
265
272.3
289.9
283
273.4
280.2
275.3
266.9
277
272
270.9
270.7
280.6
299.5
278.2
256.7
275.8
272.8
285.4
274.5
263.4
276.4
265.6
281.3
285.4
270.8
282.3
295.8
271.4
268.3
272.7
280
288.1
291.6
279.7
281.7
277.8
270.4
286.8
261.9
280.3
243.5
273
278.2
261.8
271.5
286
281.5
268.3
257.7
276
281.3
266.5
283.8
279.7
259.4
292.8
294.7
267.3
259.8
270.5
259
262.4
252.7
265.3
284.9
255.5
285.1
270.3
287.1
278.8
288.3
284.3
277.5
261.8
282.3
280.3
281.4
283.9
273.9
288.2
282.7
277.8
276.9
269.8
271.7
295.3
284.3
291
270.8
278
267.5
260.6
271.5
280.1
279.7
276.1
276.5
274.4
283
283.3
287.2
248.7
251.2
268
277.8
261.5
281.1
264.2
295.4
291.7
286.8
269.3
271.6
277
258
284
278.5
256
259.6
264.6
281.9
267.2
261.2
260.4
290.9
278.4
267.4
279.2
275.1
294.6
274.1
281.9
285.7
264.2
291.7
281
266.1
281.1
269.4
276.4
290.9
267.5
276.3
254.2
276.5
278.3
294.1
274
276.4
267.1
303.3
270.4
278
267.8
270.3
263.4
285.1
270.6
286.7
270.7
283.2
266.7
272.5
275.5
265.7
258.3
277.4
271.9
278.6
274.8
287.2
276.7
290.7
278.1
267.3
288
288.8
277.5
273.1
271.7
275.4
283.4
281.4
274.6
268.3
277.8
273.4
273.7
274.8
263.1
278.7
284.4
282
282.9
265.1
281.4
266.7
271.5
288.2
276
267.9
273.6
266.6
254.9
247.4
260.2
275.7
271.3
262.2
257.9
281.2
276.1
274.4
267.1
297.5
276.1
263.6
259.3
268.3
278.7
268.3
263.4
280.7
252.5
278.8
266.4
279.2
261.7
283.1
274.3
260.7
253.9
273.6
282.6
280
279.7
283.2
259.3
295.4
295.4
253.3
278.6
274.3
276.2
281.3
265.5
286.6
280.6
276.9
275
258
258.9
278.8
258.7
273.7
267.2
248.8
272.4
268.7
262.6
266.6
273
252.6
277.6
264.5
257.5
276.1
285.6
284.4
285.6
284
293.1
290.4
278.4
277
268.2
289
267.1
279.6
278.2
273.5
283.2
280.3
272.3
248.7
276.6
275.9
263.1
277.5
276.5
270
273.1
266.5
271.5
288.6
270.5
259.8
255.9
275
272.3
280.8
267.1
297.9
282
267
289.4
271.2
278.4
283
278.9
254.8
269.5
266.4
284.8
265.4
272.2
261
266.7
267.5
267.5
259.7
277.5
256
258.5
269.9
289.6
274.2
268.9
276
275.2
263.7
265
274.2
269.3
280
276.5
267.6
269
281.5
263.1
281.3
271.6
261.1
276.1
286.8
277.5
287
278.9
296.4
257
278.8
283.7
273.4
262.1
289.7
280.6
277.7
299.6
262.9
267.2
288.5
284.5
273
265.5
270.8
302.8
283.5
272.5
255.3
262.7
260.2
295.3
278.2
277.1
264.5
273.6
277
273.3
272.8
271.4
301.4
253.2
270.2
294.5
281.2
269.3
277.2
271.2
282.1
272.7
300.3
260
283.6
272.8
270.3
268.6
270.4
249.9
255.4
282
277.4
258.6
255.8
269.2
278.7
270.3
250.1
268.4
269.4
273.5
274
264.5
277.7
280.9
284.4
280.1
270.3
268.4
280.2
274.6
260.8
274.6
275.5
283.7
264.3
271.1
262.1
274
277.8
262.9
252
286.4
255.8
283.7
276.1
283.4
264.8
283.9
265.6
265.1
281.4
281.4
258
267.1
281.5
272.6
270.2
279.7
268.3
260.1
271.7
268.8
281.8
259.7
277.9
274.3
263.2
278.1
284.1
265.2
261.9
282.7
257.3
276.6
278.2
283.5
277.7
280.3
284
275.6
269
256.5
291.3
275.5
273.4
275.9
264.6
279.3
263
256.7
261.6
265.9
270.4
272.6
282.8
266.4
252.4
256.5
262.5
268.6
252.5
267.6
275.9
264.1
274.3
274.8
264.1
267.5
274.6
259.8
251.3
272.5
291.9
284.3
276.7
271.5
278.2
273.6
270.1
287.9
289.8
278.2
302.9
287
282
279.7
269.2
258.3
291.3
273.3
273.9
264.1
281.7
239.4
263.7
263.4
280.4
268.8
279.4
273.1
257.9
253
283.3
266.7
282.5
276.4
278.2
263.7
274.6
266.6
251.9
243.6
260.7
259.3
256.1
260
249.2
259.5
273.9
250.4
268.8
260.2
268.3
255.4
270.2
268.7
257.7
286.7
251.7
261
259.1
263.9
264.7
257.7
276.2
262.4
256.4
280.8
269.9
281.4
279
283.5
250.1
256.1
266.4
273.9
270.9
256
261.8
260.2
275.8
276.7
262.1
258.4
267.4
252.7
284.4
253.2
266.2
269.6
261.8
269.3
269
243
262.2
257.8
266.3
284.3
273.6
265.5
265.7
265.6
265.5
298.5
275.9
280
286.1
260
276.5
282.3
279
287.2
278.8
273.1
251.4
288.7
264.2
267.5
281.9
254.8
279.9
266
283.8
262.9
279.3
278.6
284.9
298.2
304.1
258.9
281.1
272.3
286.8
269.2
269.1
269.9
278.4
259.4
264.4
271.3
282.4
287
272.6
273.6
279.7
267.9
281.3
270.7
288.2
273.6
268.7
281.4
266.8
273.3
288.8
278
273.9
262.4
281.8
294.3
259.8
275.2
265.8
263.8
268.7
267.1
278.4
272.2
276
286.4
291.9
278.7
270.1
272.6
274.3
293.9
270.9
281.8
280.2
281.5
262
275.6
288.9
274.1
277.2
269.3
297.8
286.8
278
265.8
282.3
263.7
284.6
271.3
275.5
276.5
278.9
257.8
261.7
268.9
242.2
272.3
264.5
265.4
265.3
270.9
271.5
268.9
272.3
267
268.9
265.6
263.9
269.5
257.5
263.6
270.3
273.3
247.6
282.9
275.8
272.8
253.4
267.1
267.4
255.3
279.7
273.6
281.7
281.4
272.3
264.1
276
280.8
258.6
272.9
268.9
281.6
256.9
267
275.4
264.4
243
266.6
282.9
273.8
266.4
257.1
265.5
284.4
254.3
287
275.7
271
266.5
259
268
269.1
250.1
276.1
282.2
264.5
262.1
270.1
270
266.4
253
281.1
266.1
249.7
264.2
274.2
280.5
285.1
257
281
294.6
281.7
266.6
280.6
271.8
270.3
263.4
286.5
275.6
286.1
263.8
267.2
274.9
261.6
276.7
289.1
259.5
266.8
270.4
275.1
267.5
267.4
271.9
266.9
276.7
285.5
272.3
279.1
298.1
271.6
266.6
275.1
285.5
263.6
278.4
252.7
272.8
267.8
263.9
267
271.4
279.6
262.6
266.8
272.2
267.3
248.8
280.2
274.4
288.7
272.6
254.6
261.1
269.8
267
261.3
276.8
275.6
273.9
276.1
274.1
279.8
281.1
272.1
258.3
255.8
279.3
272.6
273.2
262.4
271.1
275.3
281.8
264.3
274
266.5
268.6
267.8
273.2
264.8
275.1
277.9
283
259.3
272.7
274.4
276.8
279.9
294.4
298.7
303.9
285.2
256.9
274.4
275.9
292.8
291.4
278.7
290.9
265.8
278.2
291
275.9
277.9
272.8
276.3
284.5
284.1
281.2
290.1
287.6
273.5
265.7
259.3
260.2
296.9
282.2
278
282.8
281.4
262.6
263.3
271.6
280.5
278.5
269.5
267.5
270.8
256.8
280.2
280.6
267.7
276.6
266.2
266.7
259.2
237.8
267.4
273.2
237.5
255.4
254.8
278
278.9
258.3
256.9
279.4
258.5
276
263.1
279.9
286
239.5
266.4
269.3
260.3
288.6
268.6
296.7
266.8
266.6
256
292.7
277.1
287.5
279.9
267
270.6
272
273
265.6
287.9
276.3
268
276
271.3
277
260.2
278.7
251.9
278.8
262.2
259.8
276.6
265.5
273.4
258.2
269.7
257.6
267.6
266.8
263.2
274
270.2
267
264.3
279.6
279.9
270.5
272
255.6
257.2
283.5
277.4
262.7
245.9
269.2
268.9
243.5
293.7
254.3
283.9
276
276.1
261.7
269.8
278.5
262.1
269.7
272.8
259.8
273.4
267.4
270.6
258
268.5
277.9
264.2
268.6
274.9
276
280.9
275.6
260.5
276.5
285
268.9
272
278.2
281.7
269.4
270
282.8
286.9
289.3
271.7
271.1
280.7
273.4
265
271.5
267.5
269.2
285.6
269.7
270
265
271.8
272.8
287.6
281.4
289.2
282.4
273.3
289.1
266.2
272.4
287.7
284.9
288.8
265.9
275.1
282.9
284.9
286.7
256.9
267.6
267.6
269.6
274.5
253.6
267.6
273.8
271.3
282.1
288
285.1
280.8
283.2
259.9
283.3
264
287.8
282.7
284.9
276.1
289.2
281.4
268.7
285.6
290.4
278.7
266.9
277.5
275
274.9
282.7
281.6
278
276.6
253.1
283.9
264.6
284.2
284.7
277.1
269.9
284.6
279.5
274.4
280.1
272.8
273
285.8
276.9
281.6
274.4
267.8
276.4
280.4
286.7
281.1
271.4
289.5
273.8
284.7
271.7
270.1
275
294.2
284.3
291.7
263.2
277.8
290.8
288.6
273.4
290.1
276.6
290.8
271.7
268.5
267.5
263.1
260.4
276.8
248.5
262.3
286
282.7
281.7
272.1
259.9
290
271.3
286.1
287.7
297.5
294.8
255.4
280.2
267.2
278.2
268
257.7
277.8
265.2
272.7
279.9
294.4
287
256.7
270.8
291.1
272.7
263.1
264.4
273.9
275.8
291.4
271.6
268.8
283.4
286.1
277.3
268.9
262.7
275
276.1
263.8
259.9
292.7
276.9
281.5
278.8
275.4
260.1
279.4
269.4
275.2
276.6
259.4
284.1
272.3
269.8
271
274
283
272.4
275.2
260.6
281
274.4
269.1
276.6
262.6
263.8
262
281.3
294.6
283.4
270.7
265.2
291.8
281.6
274.8
285
288.3
281.8
282.2
273.3
277.7
283.2
268.1
253.9
275.4
279.7
289.3
285.6
277.3
275.3
279.6
278.5
284.2
273.4
280.4
299.2
280.4
285.4
286.1
281.4
281
271.6
285.8
308
287.7
283
279.8
277.9
275.2
282.9
295.2
281.6
292.4
288.5
280.6
272.4
277.1
258.5
271.5
281.5
271
275.3
292.1
279.7
274.1
290.3
278.8
286
275.1
280.9
286
283.1
271.6
297
293.1
283.8
286.6
287.9
273.8
282.1
258.1
275.3
281.8
273.9
307.3
297.8
277.4
259.1
280.1
274.1
264
260.3
252.3
277.8
282.9
275.7
283.7
276.4
286.2
268.7
281
275.3
276.7
283.4
278.5
274.4
285.7
281.2
269.6
276.2
278.3
266.9
283.8
296.6
292.1
284.1
288.4
274.5
264
264.7
286
268.2
280.5
282.4
290.5
273
280.5
277.5
283.8
295.7
291.5
286.1
287.5
275.5
272.2
280.4
284.4
276
275.5
278.8
278.6
277.3
296.3
259.9
276.1
266.5
288.8
265.2
265.1
290.3
273.2
281.1
278.6
264.3
291.8
274.9
275.8
287.2
281.5
271.9
296.7
268.2
280.6
263.6
272.3
270.7
276.5
275.3
269.4
272.5
292.6
281.6
286.1
288.6
278.1
263.6
283.8
289.9
281.2
281.1
280.6
263.8
276.7
284.5
286.9
276
266.9
277.1
276.5
276.5
283.2
277.8
280.5
261.1
269.4
280
273.7
267
260.9
281.7
283.7
272.6
279.6
268.9
283.7
277.4
283.9
285.7
277.4
274.6
267.6
268.9
263.7
291.3
270.7
277.8
285.9
283.1
276
284.6
267.9
264.6
275.8
263.3
276.3
272.2
268.6
269.5
282.2
284.6
280.2
293.1
271.3
267.4
270.4
273.3
276.4
286.8
282.9
292.7
275.4
274.5
280.1
281.4
281.6
275.4
264.6
276.8
260
269.8
286.9
266.7
275
291.4
277.9
281.3
280.8
271.9
268.2
264.3
263.7
282
283.3
277.1
270.5
277.9
280
284.4
269.2
273.9
270.5
272.4
285.1
277.3
284.6
291.1
283.8
273.5
267
258.7
281
294.8
300.5
295.7
286.1
280.3
270.5
269
294.5
278.4
289.9
263.6
277.9
282.2
260.7
278.7
261.1
284.3
257.2
276.6
252.3
293.6
264.6
276.7
264.1
292.6
288.1
292.7
276.5
285.3
270.5
290.4
279.7
277.4
268.8
278
264.5
274.2
287.6
266.4
287.8
274.3
270.2
268.3
302.3
276.6
284.6
274.6
276.7
270.7
266.5
275.2
275.2
269.3
285.9
285.4
279.9
275.3
276.4
285.8
271
288.2
270.5
275.1
271.3
288.4
272.2
276.5
269.1
287.7
281.3
271.8
293
275.7
291.3
278
286.5
267.2
276.7
294
278.6
274.7
275.5
272
277.6
292.4
272.3
286.2
284
274.6
283.9
271.9
279.7
277.4
286.6
285.6
267.3
279.6
276.7
280.1
282.2
283.8
290
274.8
271.1
290.9
280
274
283.7
274.9
276.9
269.7
277.7
276
285.4
276.7
280.4
273.7
273.3
273.6
298.2
276.3
280.3
288
283.9
286.1
278.6
287.8
271.1
279.8
269.6
278
291.7
276.5
275.9
273.5
267.1
284.1
273.1
278.2
265.8
271.7
274.6
283.3
289
276
284.5
277.5
295.9
274.6
272.6
290.9
282.2
294.8
279.4
270.5
266.8
277.2
278.7
282.6
285.9
286
267.7
272
281.7
269.7
283.4
290.1
292.6
293.3
298
278.4
276.4
286.8
302.9
300.4
271.7
274.2
287.9
296.4
281.9
280.6
297.2
288.4
288.6
289.8
285.4
273.7
277.9
273.2
294
281.1
295.7
271.7
265
290.4
280.7
290.7
282.9
273
282.8
282.5
284.8
279.3
273.3
270.8
277.2
283.7
282.7
299.8
276.9
277.3
279.8
265.2
276.5
276.1
273.7
302.9
264.9
271.6
266.1
275.5
285.3
290.9
264.1
279.3
266.9
279.8
283.2
280.1
277.3
269.2
270.2
282.2
297
278.3
291.3
288.1
293.3
293.8
278.9
274
271.3
279.9
282.7
277.6
286
299
280.7
278
280.3
259.7
280.1
298.8
258.9
284.1
267.9
282.2
276.6
276.4
259
263.9
277.2
282.1
282
274.4
277.5
276.1
276.1
278.1
281.8
283.4
277.6
278.6
290
283.2
277.1
284.2
284.2
290.2
285.2
283.7
296.7
275.3
285.6
293.8
279.3
288.5
295.4
277.7
291
278
270.4
284
286.5
297.1
271.7
277.9
281
280
281.2
272.2
276.8
277.9
271
276.4
270.6
282
274.9
288.3
286.7
277.8
282.6
288.3
291.5
284.6
285
289.9
278.8
287.3
274.4
278.7
284.3
292.8
285.6
278.3
281.6
287.2
282.5
279.1
284.3
275.3
279.2
286.8
274.4
280.5
272.2
272.2
292.3
293.9
257.8
263.3
287.4
285.5
269.2
273.1
277.5
269.9
255.2
266.9
279.9
268.2
275.4
279.3
265.6
271.4
290.1
269.1
283.3
304.9
288.7
296.7
284
282.7
276.3
278.2
283.3
265.2
263.4
273.6
272.2
283.7
256.6
262.1
276.8
285.8
276.7
270.8
253.5
290.2
276.9
294.7
257.9
287
272.6
283.4
277.5
293.1
276
280.2
278.1
276.6
279.6
273.4
279.5
252.9
266.3
269.9
276.9
272
295.1
263.2
281.2
275.9
268.7
272.6
275.8
283.8
300.9
292.3
296.8
290.7
268.3
275.1
287.6
274.4
291.4
282.9
269.1
272.4
277.2
297.9
274.9
266.7
290.4
281.7
272.4
284.6
289.1
281.2
265.4
252.2
287
278.3
297.2
274.3
276.9
282.4
269.3
269.9
250.2
277.7
286.3
265
278.5
267.3
279.8
259.4
259.8
260
254.7
266
281.1
298.9
271.3
283.8
275.7
267.2
278.3
279.2
278.7
274.6
287.3
294.3
263.5
280
283.9
275.8
287.6
271.6
286.4
286.4
274.5
276.6
269.8
282.2
257.6
272.3
273.5
290.9
266.4
285.4
282.7
262
283.9
255.3
257.2
260.5
265.2
270.3
289.9
261.1
281.2
284.5
270.6
266.1
259.3
255
257.6
272.6
265.6
268
263.1
267.1
268.1
273.8
254.5
266.6
271.5
260.2
282.3
275.1
273.2
270
270.3
265.3
256.4
267.5
268.4
267.6
273.9
283.9
263.7
258.8
281.1
269.6
277.9
263.5
266.7
270.4
280.5
255.3
273.7
279.4
271.8
282.4
269.7
277.6
279.5
284.8
253.2
280.7
273.6
262
264.8
291
263.5
268.9
278.5
273.4
272.5
272.9
271.1
279.5
284.9
284.2
262.7
289.1
266.3
266.3
274
256.5
257.1
260
273.7
261.5
284.4
281
263.9
266.8
260.3
288.2
273.5
288.9
275.5
291.1
269.2
275
279.6
272.2
279.7
277.2
268.2
275.9
293.3
284.7
282.7
248.4
272.2
266.8
284.2
274.5
258.3
278.1
276.2
272.2
265.5
274.2
285.7
270.5
264.2
269.2
274.6
297.3
269.6
292.6
276.3
261.3
288
278.1
280.1
280.5
277.4
272.3
268.2
262.6
280.6
273.8
282
286.3
271.9
277.2
277.4
283.7
282
254.1
271.3
269.6
279.8
275.3
282.9
271.7
277.1
280.9
262.2
269
267.9
266.3
268.7
266.3
280.7
247.4
285.4
285.3
261.3
272.9
250.4
279.6
266.3
280
293.9
258.7
283.8
266.2
263.4
258.1
264.1
256.6
262.7
271.3
262.7
283.6
260.3
275.1
258.2
268.4
268.1
248.8
253.6
277.3
263
277.7
287.7
286.9
281.4
281.5
276.3
267.9
252.5
266.5
282.8
285.3
257.9
279.5
282.2
290.7
255.3
296.6
283.9
264.9
271.8
261
286.8
289.2
282.5
270.2
280.9
282.6
266.9
286.2
289.9
271.5
266.8
291.9
283.9
281.9
281.7
290.3
267.9
265.7
265.2
263.2
279.4
274.4
286.2
268.7
271.2
274.5
264.2
265.9
258.1
265.4
272.8
289.7
275.8
294.7
268
280.3
299.6
289.2
269.9
275.7
270
286
254.2
261.4
280.9
279.1
274.6
279
282.9
269.3
283.6
279.6
280.9
299.7
282.8
285
281
272.8
270.3
263.6
283.6
262.7
287.1
252.4
272.9
274.1
279.8
268.2
276.4
272
254.4
265.8
250
247.1
270.7
274.9
277.8
260.6
284
272.1
281.1
276
283.4
295.1
278.5
281
294.1
277.5
269.7
274.5
281.2
276.1
263.6
258.8
262.1
275.6
287.4
276.1
285.2
279.1
285.6
265
263.3
280.3
247
279.5
267.9
276.3
272
282.1
278.5
276.1
289.1
282.1
282.5
270.3
267.4
291.1
282.8
289.5
270.5
272.7
294.5
268.4
274.1
279.1
291
278
274.6
271.6
281.2
277.3
282.6
280.5
269.1
271.4
263.1
283.9
267.6
273.8
267.2
277.8
289
285
261.4
275.3
295.6
269.1
290.6
290.1
282.9
292.1
300.6
273.9
275.9
281.3
288.4
276.9
271.2
281.1
276.7
284.6
285.8
285.7
272
280.5
276.6
288.6
287.2
271.9
264.5
286.1
282.2
280.3
294.5
273.4
277.1
277.6
270.5
290.2
267
267
277.6
299.3
270.9
274.5
266.7
274
272.1
281.1
273.6
272
299.3
298.9
287.5
274.2
285
258
282.8
295.8
280.1
288.8
282.6
272.8
273.2
259.9
269
295.6
275.8
269.7
284.6
268.1
267.9
273.5
269.4
264.8
267.5
281.1
278.9
267.1
276.9
248.5
283.7
272.1
280.6
274.8
277.9
290
273.8
294.6
266.6
272.5
262.4
289.4
257.2
258.8
260.7
276.4
268.7
269.1
271.4
268.5
275.3
268.4
272.3
247
264.7
250.6
268.6
279.9
271.9
268
289.1
279.9
265.5
291.5
276.5
292.8
280.5
271.1
267.1
274
264.3
280.1
259.6
267.9
266.9
272.8
292.4
294.9
280.4
274.4
283.8
267.6
287
258.9
270.3
266.9
264.7
276.5
288.2
263.4
284.1
288.2
281.6
268.9
263.5
270.2
275.6
271.4
260.1
268.8
281.4
285.3
281.8
266.3
276.3
278.4
268.9
287.4
289.6
287.2
282.1
294.8
264.7
280.8
284.1
283.4
272.7
275.9
280.6
252.6
270.5
268.5
267.3
263
292.1
276.4
277.8
290.6
278.1
278.8
281.6
286.9
277.3
281.8
264.6
273.4
270.2
287.5
271
282.9
278.8
281.2
277.1
289.8
291.7
285.8
272.8
290.7
280.9
270
278.4
261.9
281.9
278.6
274.7
282.1
281.8
276
288.1
275.1
264.4
285
288.9
280.3
280.2
284.5
266.2
276.8
282.2
272.3
266.6
263.8
272.6
286.7
261.3
276.4
260.9
269.8
290.6
283.1
278.5
283.8
285.5
282.4
306
278.8
289.7
287.5
278.4
276.7
301.7
280.9
281.5
281.8
289.4
274.6
279.5
269.8
286.8
277
283.7
276.6
275.8
274.9
277
275.3
268.5
266.5
261.6
281.6
277.7
280.5
271.8
280.4
282.1
290.5
267.5
265.7
274
286.2
299.2
291.5
292.9
298.8
278.6
289.5
275.7
268.2
280.6
293
266.6
282.8
301.9
260.8
272.9
270.9
283.4
285.6
283.6
284.4
259
280.6
277.1
279.5
272.6
286.7
269.7
284.7
281.5
277.3
257
259.3
289
261.3
282.6
275
282.4
284.8
287
283.2
282.9
275.3
279.6
282.5
285
274.7
275.7
296
291.4
287.7
278.4
279.1
269.8
271
275.8
271.6
279.3
264.6
286.1
292.2
290.9
280.7
297.5
290.7
284.5
283.9
272.7
265
279.6
271.3
272
275.8
288.2
276.7
273.8
290.2
285
286.5
283.8
275.8
290
279
284.3
270
276.2
281.2
265.2
268.3
297.3
267.4
283.8
280.5
256.6
283.6
269.1
289.1
275.9
269.9
276
276.7
263.4
258.9
277.5
290.8
260.4
277.8
285.9
285.9
273.9
273.2
279.2
289.2
287.4
277.6
272.6
278.4
282.6
264.2
268.2
265.9
280.8
269.8
285.2
304.3
277
270.2
267.5
277.4
280.3
280.3
283.4
250.1
268.1
270.8
261.6
281.8
271.2
292.9
267.7
298.9
290.9
281.8
264.8
267.3
283.5
278.2
280
279.8
292.4
267.6
270.6
269.6
269.1
281.9
284.8
275.4
296.1
277.6
276
274.3
259
277.6
272.5
276.9
295.9
289
284.7
276.7
278.9
281.8
269.6
277.3
290.7
273.7
273.1
282.5
281.8
266
289.3
282.8
269.4
269.9
288.9
293.2
276.4
283.2
264.1
272.1
291.2
276.1
273.5
269.4
272
256
291.2
278.8
278.3
295.9
280.2
271.3
280
293.5
277.8
275.7
285.9
268.9
276.7
281.6
274.3
290.4
280.5
273.9
265.2
266
277.3
285.9
284.3
257.3
299.2
280.3
284.5
288.2
277.8
281.5
286
289
273.3
279.3
277.9
285.1
280.5
266.9
264.5
286.5
272.2
271.1
272.9
270.6
278.4
276.2
279.5
284.8
274.7
281
296.5
277.2
268.4
275.9
282.6
283.5
292.2
283.4
277.9
272.2
283.3
276.9
297.7
279.2
289.9
280.5
290.1
269.9
275.2
273.6
261.9
281.6
279.8
276.9
269.6
275.6
272.8
277.3
289.3
277
289.2
262
277.9
276
288.1
275.2
261.8
276.2
263.8
268
275.6
271.7
271.3
273.9
277.3
244.2
259.5
282
262.5
284.9
274
280.2
283.5
277.5
288.7
271.5
280.4
276.8
280.4
277
279.4
289.8
290.2
265.2
273.7
286.4
270.4
248.5
282.9
276.7
285
281
276.9
267.4
277.7
265
281.8
286.1
286.1
274.9
287.6
267.1
264.4
267.1
279.6
277.4
291.3
274.2
277.7
271.2
280.4
287.6
266.9
281.5
268.6
281.9
254.1
276
273.1
285.8
264.5
270.2
254.1
272.8
289.1
269.8
278.9
287
257.2
277.6
281.8
275.2
271.7
281.3
267.9
259.1
277.4
286.1
277.1
283.8
262.5
263.3
256.4
285.6
269.3
282.3
279.4
270.2
282.3
280.3
267.6
295.3
269.4
274.4
276.3
293.7
270.3
279.4
259.5
265.6
281.2
271.6
278
272.2
275.9
258.7
268
288.2
276
263.5
283.8
262.3
287.4
276.8
264.7
278.5
272.1
256
273.3
263.5
256.4
262.2
264.4
277.4
283.7
289.5
278.6
267.9
277.6
258.7
266.9
266.9
289
278.7
269.5
259.3
284.4
284.1
277.1
267.9
280.6
280.3
284.3
287.9
285.1
277.5
276.9
248.5
275.4
278.1
274.4
274
266.7
257.5
273.1
279.7
260
255.1
274
269.9
277.7
266.3
278.9
262.2
280.4
281.6
255.9
267.7
282.2
297.9
263.6
280.1
273.6
260.7
297.7
285.7
282.2
274.4
291.4
281.3
282.1
279.9
273.6
267.9
290.2
277.9
280.3
274.6
282.9
279.2
270.4
273.7
266.9
267.8
282.2
275.9
274
256.8
275.1
290.6
275.6
261.4
274.5
275.1
293.6
257.9
276.9
266.2
268.8
277.5
274.5
264
261.6
280.2
286.1
283
269.8
270
266.8
273.2
290.2
290.9
266.4
271.2
269.3
285
273.1
278.9
265.4
285.7
271.6
277.6
287
280.6
269.5
249.1
276.7
287.7
264.2
270.7
265.1
278.1
254.6
268.3
270.9
254.4
278.9
268.9
266.6
277.7
278.8
275.5
262.8
257.9
249.5
282.2
242.3
261.6
277.8
265.2
266.7
255.5
271.7
250.9
271.8
268
273.2
272.4
257.2
271.3
285.3
269.8
284.3
257
270
251.1
287.1
271.7
268.3
280.3
280.3
279
280
285
273.8
279.6
258.2
285.5
270.6
287.9
274.8
284.5
270.1
272.5
269.8
271.5
275.2
269
273.2
267.6
269.1
275.8
263.6
281.1
273.9
287.6
272.2
278.3
259.1
285.9
278.4
279.5
263.8
272.5
258.5
285.2
280.1
285.2
279.2
261.7
268.8
261.7
257.5
260.6
265.5
276.4
270.4
282.6
280.5
273.6
281.5
293.3
269.7
269.7
289.2
278.4
279.3
256.4
277.9
286.9
273.5
283.3
282.4
290
274.1
261.6
285.3
279.3
272.7
283.1
279.2
277.1
286.3
268.8
296.4
278.9
284.5
267.6
261.3
285.4
271.7
282.6
268.3
273.9
266.3
270.2
253.1
262
253.7
253.6
277.2
277.1
268.2
255
253.2
283.1
280
257.8
271.2
260.2
265.6
268.1
263
274
252.7
268.2
263.5
267.9
266.6
282.5
276.9
281.7
264.1
280.7
