0 1
1 1
2 1
3 2
4 1
5 1
6 2
7 1
8 1
9 1
10 1
11 1
12 1
13 1
14 1
15 1
16 1
17 1
18 2
19 1
20 2
21 1
22 1
23 2
24 1
25 2
26 1
27 2
28 2
29 1
30 2
31 1
32 1
33 1
34 1
35 2
36 1
37 1
38 2
39 1
40 2
41 1
42 1
43 2
44 2
45 1
46 2
47 2
48 2
49 1
50 2
51 2
52 1
53 2
54 1
55 1
56 1
57 1
58 2
59 2
60 1
61 2
62 1
63 2
64 1
65 1
66 2
67 2
68 1
69 1
70 2
71 1
72 1
73 2
74 2
75 1
76 2
77 2
78 2
79 2
80 2
81 2
82 2
83 2
84 2
85 2
86 1
87 2
88 1
89 1
90 1
91 1
92 1
93 1
94 2
95 1
96 2
97 1
98 1
99 1
100 2
101 1
102 2
103 1
104 1
105 1
106 2
107 1
108 1
109 2
110 2
111 2
112 1
113 2
114 2
115 1
116 2
117 2
118 1
119 2
120 2
121 2
122 2
123 1
124 2
125 1
126 2
127 2
128 1
129 1
130 1
131 2
132 1
133 1
134 1
135 1
136 2
137 2
138 2
139 1
140 2
141 2
142 2
143 2
144 1
145 1
146 2
147 2
148 2
149 1
150 2
151 1
152 1
153 1
154 1
155 2
156 1
157 1
158 2
159 1
160 1
161 1
162 1
163 1
164 1
165 2
166 1
167 1
168 1
169 2
170 1
171 2
172 1
173 1
174 1
175 1
176 1
177 1
178 1
179 1
180 1
181 1
182 1
183 1
184 1
185 2
186 1
187 1
188 2
189 2
190 2
191 2
192 1
193 1
194 1
195 1
196 1
197 1
198 1
199 2
200 1
201 1
202 2
203 2
204 2
205 2
206 1
207 2
208 2
209 2
210 2
211 1
212 2
213 1
214 2
215 2
216 1
217 1
218 2
219 1
220 2
221 2
222 1
223 1
224 2
225 1
226 1
227 2
228 2
229 1
230 2
231 1
232 2
233 1
234 1
235 2
236 2
237 1
238 2
239 2
240 2
241 1
242 1
243 2
244 2
245 2
246 2
247 2
248 2
249 2
250 2
251 1
252 2
253 1
254 2
255 1
256 2
257 2
258 2
259 2
260 2
261 2
262 2
263 2
264 1
265 1
266 1
267 2
268 1
269 2
270 2
271 2
272 2
273 2
274 2
275 2
276 1
277 2
278 1
279 1
280 2
281 2
282 2
283 1
284 2
285 1
286 1
287 2
288 1
289 1
290 1
291 2
292 2
293 2
294 1
295 1
296 1
297 1
298 1
299 1
300 1
301 1
302 2
303 1
304 1
305 1
306 0
307 1
308 1
309 2
310 2
311 2
312 1
313 1
314 2
315 1
316 2
317 2
318 2
319 1
320 1
321 2
322 1
323 2
324 1
325 1
326 2
327 1
328 2
329 2
330 2
331 2
332 2
333 2
334 2
335 2
336 1
337 2
338 1
339 1
340 1
341 1
342 1
343 2
344 1
345 1
346 1
347 1
348 1
349 1
350 2
351 2
352 2
353 1
354 1
355 1
356 1
357 2
358 2
359 1
360 2
361 1
362 2
363 1
364 1
365 1
366 2
367 1
368 1
369 1
370 1
371 1
372 1
373 1
374 2
375 2
376 1
377 1
378 1
379 1
380 1
381 1
382 2
383 1
384 1
385 1
386 2
387 1
388 1
389 1
390 2
391 1
392 1
393 2
394 1
395 1
396 1
397 1
398 1
399 1
400 1
401 1
402 1
403 1
404 1
405 1
406 2
407 1
408 1
409 1
410 1
411 2
412 1
413 2
414 1
415 2
416 2
417 1
418 2
419 2
420 1
421 2
422 1
423 1
424 2
425 2
426 1
427 1
428 2
429 1
430 1
431 1
432 1
433 2
434 1
435 2
436 1
437 2
438 1
439 1
440 2
441 1
442 1
443 1
444 1
445 2
446 1
447 1
448 2
449 2
450 1
451 2
452 2
453 2
454 2
455 2
456 2
457 2
458 1
459 1
460 1
461 2
462 1
463 2
464 2
465 2
466 1
467 2
468 1
469 2
470 2
471 1
472 1
473 1
474 1
475 1
476 2
477 1
478 2
479 1
480 1
481 1
482 2
483 1
484 1
485 2
486 2
487 1
488 2
489 2
490 2
491 1
492 1
493 2
494 1
495 1
496 2
497 1
498 2
499 2
500 1
501 1
502 1
503 2
504 1
505 1
506 1
507 2
508 1
509 2
510 1
511 1
512 2
513 1
514 2
515 2
516 2
517 1
518 1
519 1
520 1
521 2
522 1
523 2
524 2
525 2
526 2
527 1
528 1
529 1
530 1
531 2
532 1
533 1
534 2
535 2
536 2
537 2
538 2
539 1
540 2
541 2
542 2
543 1
544 1
545 1
546 1
547 2
548 1
549 1
550 1
551 2
552 2
553 2
554 1
555 1
556 1
557 1
558 2
559 2
560 2
561 1
562 2
563 1
564 1
565 1
566 1
567 1
568 1
569 2
570 1
571 2
572 2
573 1
574 2
575 1
576 2
577 1
578 1
579 1
580 1
581 2
582 1
583 1
584 2
585 1
586 2
587 1
588 2
589 2
590 1
591 2
592 1
593 1
594 1
595 2
596 2
597 1
598 1
599 1
600 2
601 1
602 2
603 1
604 1
605 2
606 2
607 1
608 1
609 1
610 1
611 1
612 1
613 1
614 1
615 2
616 1
617 2
618 1
619 1
620 2
621 1
622 1
623 1
624 1
625 1
626 1
627 1
628 2
629 1
630 1
631 1
632 1
633 2
634 1
635 1
636 1
637 1
638 1
639 1
640 1
641 1
642 1
643 1
644 1
645 1
646 1
647 1
648 1
649 1
650 1
651 1
652 1
653 1
654 1
655 1
656 1
657 2
658 1
659 1
660 1
661 1
662 1
663 1
664 1
665 1
666 1
667 1
668 1
669 1
670 1
671 1
672 1
673 1
674 1
675 1
676 1
677 1
678 1
679 1
680 1
681 1
682 2
683 1
684 1
685 1
686 1
687 1
688 1
689 1
690 1
691 1
692 1
693 1
694 1
695 1
696 1
697 1
698 1
699 1
700 1
701 1
702 1
703 1
704 1
705 1
706 1
707 1
708 1
709 1
710 1
711 1
712 1
713 1
714 1
715 2
716 1
717 2
718 1
719 1
720 2
721 1
722 1
723 1
724 1
725 1
726 1
727 1
728 1
729 1
730 1
731 1
732 1
733 1
734 1
735 1
736 1
737 1
738 1
739 1
740 2
741 1
742 1
743 1
744 1
745 1
746 1
747 1
748 1
749 1
750 1
751 1
752 1
753 1
754 1
755 1
756 1
757 1
758 1
759 1
760 1
761 1
762 1
763 2
764 1
765 1
766 1
767 2
768 2
769 1
770 1
771 1
772 1
773 1
774 2
775 2
776 1
777 1
778 2
779 1
780 1
781 1
782 1
783 2
784 2
785 1
786 1
787 2
788 2
789 1
790 1
791 2
792 1
793 2
794 1
795 1
796 1
797 1
798 1
799 1
800 2
801 2
802 1
803 2
804 1
805 2
806 2
807 1
808 2
809 2
810 1
811 1
812 2
813 2
814 1
815 2
816 2
817 1
818 2
819 1
820 1
821 1
822 1
823 2
824 2
825 1
826 1
827 1
828 2
829 2
830 2
831 2
832 2
833 2
834 2
835 1
836 2
837 1
838 2
839 2
840 2
841 1
842 1
843 1
844 2
845 2
846 1
847 1
848 2
849 2
850 2
851 1
852 2
853 1
854 2
855 2
856 1
857 2
858 2
859 2
860 1
861 1
862 2
863 1
864 1
865 2
866 2
867 2
868 1
869 1
870 2
871 1
872 1
873 2
874 1
875 2
876 2
877 2
878 2
879 1
880 2
881 1
882 2
883 1
884 2
885 1
886 1
887 2
888 1
889 1
890 1
891 1
892 1
893 1
894 2
895 1
896 1
897 1
898 1
899 2
900 1
901 1
902 2
903 0
904 1
905 2
906 1
907 1
908 1
909 2
910 1
911 1
912 1
913 1
914 1
915 1
916 2
917 2
918 1
919 1
920 2
921 1
922 2
923 1
924 1
925 2
926 1
927 2
928 2
929 2
930 2
931 2
932 1
933 1
934 2
935 2
936 1
937 1
938 2
939 1
940 2
941 2
942 1
943 1
944 2
945 1
946 2
947 2
948 2
949 2
950 2
951 1
952 2
953 2
954 2
955 1
956 1
957 2
958 1
959 2
960 2
961 2
962 1
963 2
964 2
965 2
966 2
967 2
968 2
969 2
970 2
971 2
972 2
973 2
974 1
975 1
976 2
977 2
978 2
979 2
980 2
981 1
982 2
983 2
984 1
985 1
986 1
987 1
988 1
989 2
990 2
991 2
992 2
993 1
994 2
995 2
996 2
997 1
998 2
999 1
1000 1
1001 1
1002 1
1003 1
1004 2
1005 2
1006 2
1007 2
1008 1
1009 1
1010 1
1011 2
1012 2
1013 1
1014 2
1015 1
1016 2
1017 2
1018 2
1019 2
1020 1
1021 2
1022 1
1023 2
1024 1
1025 2
1026 1
1027 2
1028 1
1029 1
1030 2
1031 1
1032 2
1033 1
1034 2
1035 2
1036 1
1037 1
1038 1
1039 1
1040 2
1041 1
1042 1
1043 2
1044 2
1045 2
1046 2
1047 1
1048 2
1049 1
1050 2
1051 1
1052 2
1053 2
1054 2
1055 2
1056 1
1057 1
1058 1
1059 2
1060 1
1061 1
1062 2
1063 2
1064 2
1065 2
1066 2
1067 2
1068 2
1069 1
1070 1
1071 2
1072 2
1073 2
1074 2
1075 1
1076 2
1077 1
1078 2
1079 1
1080 2
1081 1
1082 2
1083 1
1084 1
1085 1
1086 2
1087 1
1088 2
1089 2
1090 2
1091 2
1092 1
1093 1
1094 2
1095 1
1096 2
1097 2
1098 1
1099 2
1100 1
1101 2
1102 2
1103 1
1104 2
1105 1
1106 1
1107 2
1108 2
1109 2
1110 1
1111 1
1112 1
1113 2
1114 2
1115 1
1116 2
1117 2
1118 2
1119 1
1120 1
1121 2
1122 2
1123 1
1124 2
1125 2
1126 1
1127 2
1128 2
1129 1
1130 2
1131 2
1132 1
1133 2
1134 2
1135 1
1136 2
1137 1
1138 2
1139 2
1140 2
1141 2
1142 1
1143 1
1144 1
1145 1
1146 2
1147 2
1148 2
1149 2
1150 1
1151 1
1152 2
1153 2
1154 2
1155 2
1156 2
1157 1
1158 1
1159 2
1160 1
1161 1
1162 1
1163 2
1164 1
1165 2
1166 2
1167 2
1168 1
1169 1
1170 2
1171 1
1172 2
1173 2
1174 2
1175 2
1176 2
1177 1
1178 1
1179 2
1180 1
1181 1
1182 2
1183 2
1184 1
1185 1
1186 2
1187 1
1188 1
1189 1
1190 1
1191 1
1192 1
1193 2
1194 1
1195 1
1196 2
1197 1
1198 1
1199 1
1200 1
1201 1
1202 2
1203 1
1204 1
1205 2
1206 1
1207 1
1208 1
1209 1
1210 2
1211 1
1212 1
1213 1
1214 1
1215 2
1216 1
1217 1
1218 1
1219 1
1220 1
1221 1
1222 1
1223 2
1224 2
1225 2
1226 1
1227 1
1228 1
1229 2
1230 1
1231 1
1232 1
1233 1
1234 1
1235 1
1236 2
1237 2
1238 1
1239 2
1240 1
1241 1
1242 2
1243 1
1244 1
1245 1
1246 2
1247 2
1248 1
1249 2
1250 2
1251 1
1252 1
1253 2
1254 1
1255 1
1256 1
1257 1
1258 1
1259 2
1260 2
1261 2
1262 2
1263 1
1264 1
1265 2
1266 2
1267 2
1268 2
1269 1
1270 2
1271 1
1272 2
1273 2
1274 2
1275 2
1276 1
1277 1
1278 1
1279 1
1280 2
1281 1
1282 2
1283 1
1284 1
1285 1
1286 2
1287 1
1288 1
1289 2
1290 2
1291 1
1292 2
1293 2
1294 1
1295 2
1296 1
1297 1
1298 2
1299 1
1300 1
1301 1
1302 1
1303 2
1304 2
1305 1
1306 2
1307 1
1308 1
1309 2
1310 1
1311 2
1312 1
1313 2
1314 2
1315 2
1316 2
1317 1
1318 1
1319 2
1320 2
1321 2
1322 1
1323 1
1324 1
1325 2
1326 2
1327 1
1328 1
1329 2
1330 2
1331 2
1332 1
1333 2
1334 2
1335 2
1336 2
1337 2
1338 2
1339 2
1340 1
1341 2
1342 2
1343 2
1344 1
1345 1
1346 1
1347 1
1348 1
1349 1
1350 2
1351 2
1352 1
1353 2
1354 2
1355 1
1356 1
1357 1
1358 2
1359 1
1360 1
1361 1
1362 1
1363 2
1364 2
1365 1
1366 2
1367 2
1368 2
1369 1
1370 2
1371 2
1372 1
1373 2
1374 2
1375 1
1376 1
1377 2
1378 1
1379 2
1380 2
1381 1
1382 1
1383 2
1384 1
1385 2
1386 1
1387 1
1388 2
1389 2
1390 1
1391 2
1392 1
1393 2
1394 1
1395 1
1396 2
1397 1
1398 1
1399 1
1400 2
1401 1
1402 1
1403 1
1404 1
1405 2
1406 1
1407 1
1408 1
1409 2
1410 1
1411 1
1412 0
1413 2
1414 1
1415 1
1416 1
1417 2
1418 1
1419 2
1420 1
1421 2
1422 1
1423 2
1424 1
1425 2
1426 2
1427 2
1428 1
1429 1
1430 2
1431 2
1432 2
1433 2
1434 2
1435 2
1436 2
1437 2
1438 1
1439 2
1440 1
1441 2
1442 1
1443 1
1444 2
1445 2
1446 1
1447 1
1448 2
1449 2
1450 2
1451 2
1452 1
1453 1
1454 2
1455 1
1456 2
1457 2
1458 1
1459 2
1460 2
1461 2
1462 2
1463 1
1464 1
1465 2
1466 1
1467 2
1468 2
1469 1
1470 2
1471 1
1472 2
1473 1
1474 2
1475 2
1476 1
1477 1
1478 2
1479 1
1480 1
1481 2
1482 2
1483 1
1484 2
1485 1
1486 2
1487 1
1488 2
1489 2
1490 2
1491 1
1492 1
1493 2
1494 2
1495 2
1496 2
1497 2
1498 2
1499 2
1500 2
1501 2
1502 1
1503 2
1504 2
1505 1
1506 2
1507 2
1508 2
1509 2
1510 2
1511 2
1512 1
1513 2
1514 1
1515 1
1516 2
1517 2
1518 2
1519 1
1520 2
1521 2
1522 1
1523 2
1524 1
1525 1
1526 2
1527 2
1528 2
1529 2
1530 1
1531 2
1532 1
1533 2
1534 1
1535 2
1536 1
1537 1
1538 1
1539 2
1540 1
1541 2
1542 2
1543 2
1544 2
1545 1
1546 2
1547 2
1548 2
1549 2
1550 2
1551 2
1552 2
1553 2
1554 2
1555 2
1556 2
1557 1
1558 2
1559 2
1560 2
1561 2
1562 2
1563 1
1564 1
1565 2
1566 2
1567 2
1568 2
1569 2
1570 2
1571 2
1572 2
1573 2
1574 1
1575 1
1576 1
1577 1
1578 1
1579 1
1580 2
1581 2
1582 1
1583 1
1584 1
1585 1
1586 1
1587 2
1588 1
1589 2
1590 2
1591 2
1592 1
1593 1
1594 1
1595 1
1596 1
1597 2
1598 2
1599 1
1600 2
1601 1
1602 2
1603 2
1604 2
1605 2
1606 2
1607 1
1608 2
1609 1
1610 2
1611 1
1612 1
1613 1
1614 1
1615 1
1616 1
1617 2
1618 1
1619 2
1620 1
1621 2
1622 1
1623 2
1624 2
1625 2
1626 2
1627 2
1628 2
1629 1
1630 1
1631 2
1632 2
1633 2
1634 1
1635 1
1636 2
1637 2
1638 1
1639 2
1640 1
1641 1
1642 2
1643 2
1644 2
1645 2
1646 2
1647 1
1648 1
1649 2
1650 1
1651 2
1652 2
1653 2
1654 2
1655 2
1656 1
1657 2
1658 1
1659 1
1660 1
1661 1
1662 1
1663 1
1664 1
1665 2
1666 2
1667 1
1668 1
1669 2
1670 2
1671 1
1672 1
1673 1
1674 1
1675 2
1676 2
1677 2
1678 1
1679 2
1680 1
1681 2
1682 1
1683 2
1684 1
1685 1
1686 1
1687 2
1688 2
1689 1
1690 2
1691 1
1692 2
1693 1
1694 1
1695 1
1696 1
1697 2
1698 2
1699 2
1700 1
1701 1
1702 2
1703 2
1704 2
1705 2
1706 1
1707 1
1708 2
1709 1
1710 1
1711 1
1712 1
1713 2
1714 1
1715 1
1716 1
1717 2
1718 1
1719 1
1720 1
1721 2
1722 1
1723 1
1724 1
1725 1
1726 1
1727 2
1728 1
1729 1
1730 1
1731 1
1732 2
1733 2
1734 1
1735 1
1736 1
1737 2
1738 2
1739 1
1740 2
1741 1
1742 1
1743 1
1744 2
1745 1
1746 1
1747 1
1748 2
1749 1
1750 1
1751 2
1752 1
1753 1
1754 2
1755 1
1756 1
1757 2
1758 2
1759 1
1760 2
1761 1
1762 2
1763 1
1764 2
1765 2
1766 2
1767 1
1768 1
1769 2
1770 1
1771 1
1772 1
1773 1
1774 2
1775 1
1776 1
1777 0
1778 1
1779 2
1780 2
1781 1
1782 2
1783 2
1784 1
1785 1
1786 2
1787 2
1788 1
1789 1
1790 2
1791 1
1792 2
1793 1
1794 1
1795 1
1796 1
1797 1
1798 2
1799 1
1800 2
1801 1
1802 2
1803 2
1804 1
1805 2
1806 1
1807 2
1808 2
1809 1
1810 2
1811 1
1812 2
1813 1
1814 1
1815 2
1816 1
1817 2
1818 1
1819 2
1820 2
1821 1
1822 2
1823 2
1824 1
1825 1
1826 1
1827 1
1828 1
1829 2
1830 1
1831 2
1832 1
1833 2
1834 1
1835 2
1836 2
1837 1
1838 2
1839 1
1840 1
1841 1
1842 2
1843 1
1844 2
1845 1
1846 2
1847 1
1848 2
1849 1
1850 1
1851 1
1852 2
1853 2
1854 1
1855 0
1856 1
1857 2
1858 2
1859 2
1860 2
1861 1
1862 1
1863 1
1864 1
1865 2
1866 2
1867 2
1868 2
1869 1
1870 1
1871 2
1872 1
1873 2
1874 2
1875 2
1876 1
1877 1
1878 1
1879 1
1880 1
1881 2
1882 2
1883 2
1884 1
1885 2
1886 1
1887 1
1888 1
1889 2
1890 1
1891 2
1892 1
1893 1
1894 2
1895 1
1896 1
1897 2
1898 1
1899 2
1900 2
1901 2
1902 2
1903 1
1904 1
1905 2
1906 2
1907 2
1908 1
1909 2
1910 1
1911 0
1912 2
1913 1
1914 2
1915 2
1916 2
1917 1
1918 1
1919 2
1920 1
1921 1
1922 2
1923 1
1924 1
1925 1
1926 1
1927 2
1928 2
1929 1
1930 2
1931 1
1932 1
1933 1
1934 1
1935 1
1936 1
1937 2
1938 1
1939 1
1940 2
1941 1
1942 1
1943 1
1944 2
1945 1
1946 1
1947 1
1948 1
1949 1
1950 2
1951 1
1952 2
1953 2
1954 1
1955 1
1956 1
1957 2
1958 1
1959 1
1960 2
1961 2
1962 1
1963 1
1964 1
1965 1
1966 1
1967 2
1968 1
1969 2
1970 1
1971 2
1972 1
1973 2
1974 1
1975 2
1976 1
1977 1
1978 2
1979 1
1980 2
1981 2
1982 1
1983 1
1984 2
1985 1
1986 2
1987 2
1988 1
1989 2
1990 2
1991 2
1992 2
1993 1
1994 1
1995 2
1996 1
1997 1
1998 2
1999 2
2000 2
2001 2
2002 1
2003 1
2004 1
2005 2
2006 2
2007 2
2008 1
2009 1
2010 1
2011 1
2012 2
2013 1
2014 1
2015 1
2016 2
2017 1
2018 2
2019 1
2020 1
2021 2
2022 1
2023 2
2024 2
2025 2
2026 2
2027 2
2028 1
2029 2
2030 1
2031 2
2032 2
2033 2
2034 2
2035 1
2036 2
2037 1
2038 1
2039 1
2040 2
2041 2
2042 2
2043 1
2044 1
2045 2
2046 1
2047 1
2048 2
2049 2
2050 2
2051 1
2052 1
2053 1
2054 1
2055 1
2056 1
2057 1
2058 1
2059 1
2060 2
2061 2
2062 2
2063 1
2064 2
2065 2
2066 1
2067 1
2068 2
2069 2
2070 2
2071 1
2072 1
2073 2
2074 1
2075 1
2076 2
2077 2
2078 2
2079 2
2080 2
2081 1
2082 2
2083 2
2084 2
2085 1
2086 1
2087 1
2088 1
2089 1
2090 2
2091 2
2092 1
2093 2
2094 1
2095 1
2096 2
2097 1
2098 1
2099 2
2100 1
2101 2
2102 2
2103 2
2104 2
2105 2
2106 1
2107 2
2108 2
2109 2
2110 2
2111 2
2112 2
2113 2
2114 2
2115 2
2116 2
2117 1
2118 2
2119 2
2120 1
2121 1
2122 2
2123 2
2124 2
2125 1
2126 2
2127 2
2128 1
2129 1
2130 2
2131 2
2132 2
2133 1
2134 1
2135 1
2136 1
2137 1
2138 1
2139 1
2140 2
2141 1
2142 2
2143 1
2144 2
2145 1
2146 2
2147 2
2148 2
2149 1
2150 2
2151 2
2152 2
2153 2
2154 2
2155 2
2156 1
2157 2
2158 1
2159 2
2160 1
2161 1
2162 2
2163 2
2164 2
2165 1
2166 1
2167 1
2168 2
2169 2
2170 1
2171 1
2172 1
2173 2
2174 1
2175 2
2176 2
2177 1
2178 2
2179 1
2180 2
2181 2
2182 1
2183 1
2184 1
2185 1
2186 2
2187 2
2188 1
2189 1
2190 2
2191 1
2192 1
2193 2
2194 2
2195 1
2196 2
2197 1
2198 1
2199 2
2200 2
2201 2
2202 1
2203 1
2204 2
2205 2
2206 1
2207 1
2208 1
2209 1
2210 2
2211 2
2212 1
2213 2
2214 2
2215 2
2216 1
2217 1
2218 2
2219 1
2220 1
2221 2
2222 2
2223 2
2224 2
2225 2
2226 1
2227 1
2228 1
2229 1
2230 1
2231 1
2232 2
2233 1
2234 1
2235 2
2236 1
2237 2
2238 1
2239 2
2240 1
2241 1
2242 1
2243 1
2244 1
2245 2
2246 2
2247 1
2248 2
2249 2
2250 2
2251 1
2252 1
2253 1
2254 1
2255 2
2256 1
2257 1
2258 2
2259 1
2260 1
2261 1
2262 1
2263 1
2264 1
2265 1
2266 2
2267 1
2268 1
2269 1
2270 1
2271 2
2272 2
2273 1
2274 2
2275 1
2276 2
2277 1
2278 2
2279 1
2280 1
2281 1
2282 1
2283 1
2284 1
2285 1
2286 2
2287 1
2288 1
2289 1
2290 2
2291 2
2292 1
2293 1
2294 1
2295 2
2296 1
2297 2
2298 1
2299 1
2300 2
2301 1
2302 1
2303 1
2304 1
2305 1
2306 1
2307 2
2308 2
2309 1
2310 2
2311 1
2312 1
2313 2
2314 1
2315 1
2316 2
2317 2
2318 1
2319 2
2320 1
2321 2
2322 1
2323 1
2324 1
2325 2
2326 1
2327 1
2328 2
2329 2
2330 2
2331 1
2332 1
2333 2
2334 1
2335 1
2336 1
2337 1
2338 1
2339 1
2340 1
2341 2
2342 2
2343 2
2344 2
2345 1
2346 2
2347 2
2348 2
2349 2
2350 1
2351 2
2352 1
2353 2
2354 1
2355 2
2356 1
2357 1
2358 2
2359 1
2360 2
2361 1
2362 1
2363 1
2364 1
2365 2
2366 2
2367 1
2368 1
2369 1
2370 2
2371 1
2372 0
2373 2
2374 2
2375 1
2376 2
2377 1
2378 2
2379 1
2380 1
2381 1
2382 1
2383 1
2384 2
2385 1
2386 2
2387 1
2388 2
2389 1
2390 2
2391 2
2392 2
2393 2
2394 2
2395 1
2396 1
2397 2
2398 1
2399 1
2400 1
2401 2
2402 1
2403 1
2404 2
2405 2
2406 1
2407 1
2408 2
2409 1
2410 1
2411 1
2412 1
2413 2
2414 2
2415 2
2416 1
2417 2
2418 2
2419 1
2420 1
2421 1
2422 1
2423 1
2424 2
2425 2
2426 2
2427 1
2428 2
2429 1
2430 1
2431 1
2432 1
2433 1
2434 1
2435 2
2436 1
2437 1
2438 2
2439 1
2440 2
2441 1
2442 2
2443 1
2444 1
2445 1
2446 1
2447 2
2448 1
2449 2
2450 2
2451 1
2452 1
2453 2
2454 2
2455 2
2456 1
2457 2
2458 2
2459 1
2460 2
2461 2
2462 2
2463 2
2464 1
2465 1
2466 1
2467 1
2468 2
2469 2
2470 1
2471 2
2472 2
2473 1
2474 2
2475 1
2476 2
2477 2
2478 2
2479 1
2480 2
2481 2
2482 1
2483 1
2484 1
2485 2
2486 1
2487 1
2488 1
2489 1
2490 2
2491 2
2492 2
2493 1
2494 2
2495 2
2496 2
2497 2
2498 2
2499 2
2500 1
2501 1
2502 2
2503 1
2504 2
2505 2
2506 2
2507 1
2508 1
2509 2
2510 1
2511 1
2512 1
2513 2
2514 1
2515 1
2516 2
2517 1
2518 1
2519 1
2520 2
2521 2
2522 2
2523 2
2524 2
2525 2
2526 1
2527 2
2528 2
2529 2
2530 1
2531 2
2532 1
2533 2
2534 1
2535 2
2536 1
2537 2
2538 2
2539 1
2540 2
2541 2
2542 2
2543 2
2544 2
2545 1
2546 2
2547 2
2548 2
2549 2
2550 2
2551 2
2552 1
2553 1
2554 2
2555 1
2556 1
2557 2
2558 2
2559 1
2560 2
2561 1
2562 2
2563 1
2564 1
2565 2
2566 2
2567 1
2568 1
2569 2
2570 2
2571 1
2572 2
2573 2
2574 2
2575 1
2576 1
2577 1
2578 1
2579 2
2580 2
2581 1
2582 2
2583 1
2584 2
2585 1
2586 2
2587 1
2588 1
2589 2
2590 1
2591 2
2592 1
2593 1
2594 1
2595 1
2596 1
2597 2
2598 1
2599 1
2600 1
2601 2
2602 2
2603 1
2604 2
2605 1
2606 1
2607 1
2608 1
2609 1
2610 1
2611 1
2612 1
2613 1
2614 1
2615 1
2616 1
2617 2
2618 1
2619 1
2620 1
2621 1
2622 1
2623 1
2624 2
2625 1
2626 1
2627 1
2628 1
2629 1
2630 1
2631 1
2632 1
2633 1
2634 1
2635 1
2636 1
2637 2
2638 2
2639 2
2640 1
2641 1
2642 2
2643 2
2644 2
2645 2
2646 1
2647 2
2648 1
2649 1
2650 1
2651 1
2652 1
2653 1
2654 1
2655 2
2656 1
2657 1
2658 1
2659 1
2660 2
2661 2
2662 2
2663 2
2664 2
2665 2
2666 2
2667 2
2668 2
2669 1
2670 2
2671 2
2672 1
2673 2
2674 1
2675 1
2676 2
2677 2
2678 2
2679 1
2680 2
2681 1
2682 2
2683 2
2684 1
2685 2
2686 2
2687 1
2688 2
2689 2
2690 1
2691 1
2692 2
2693 2
2694 2
2695 1
2696 1
2697 2
2698 1
2699 1
2700 1
2701 2
2702 1
2703 1
2704 1
2705 1
2706 2
2707 1
2708 2
2709 2
2710 1
2711 2
2712 1
2713 2
2714 1
2715 2
2716 2
2717 1
2718 1
2719 2
2720 1
2721 2
2722 1
2723 2
2724 2
2725 1
2726 2
2727 1
2728 2
2729 2
2730 1
2731 2
2732 2
2733 2
2734 2
2735 1
2736 2
2737 1
2738 2
2739 2
2740 1
2741 2
2742 2
2743 2
2744 2
2745 2
2746 1
2747 1
2748 2
2749 2
2750 1
2751 2
2752 2
2753 1
2754 1
2755 2
2756 1
2757 1
2758 1
2759 1
2760 1
2761 1
2762 1
2763 1
2764 1
2765 1
2766 1
2767 2
2768 1
2769 2
2770 2
2771 1
2772 1
2773 1
2774 2
2775 2
2776 1
2777 1
2778 1
2779 1
2780 1
2781 1
2782 1
2783 1
2784 2
2785 1
2786 1
2787 1
2788 1
2789 1
2790 1
2791 1
2792 1
2793 1
2794 1
2795 1
2796 2
2797 1
2798 1
2799 1
2800 1
2801 1
2802 1
2803 1
2804 1
2805 1
2806 1
2807 1
2808 1
2809 1
2810 2
2811 2
2812 1
2813 2
2814 1
2815 1
2816 1
2817 1
2818 1
2819 1
2820 1
2821 1
2822 1
2823 1
2824 2
2825 1
2826 1
2827 1
2828 1
2829 1
2830 1
2831 1
2832 2
2833 1
2834 1
2835 1
2836 1
2837 1
2838 1
2839 1
2840 1
2841 1
2842 1
2843 1
2844 1
2845 1
2846 1
2847 1
2848 1
2849 1
2850 1
2851 1
2852 1
2853 1
2854 1
2855 1
2856 1
2857 1
2858 1
2859 1
2860 1
2861 1
2862 1
2863 1
2864 1
2865 2
2866 1
2867 1
2868 1
2869 1
2870 1
2871 1
2872 1
2873 1
2874 1
2875 1
2876 1
2877 2
2878 1
2879 1
2880 1
2881 1
2882 2
2883 1
2884 1
2885 1
2886 1
2887 1
2888 1
2889 1
2890 1
2891 1
2892 1
2893 1
2894 1
2895 1
2896 1
2897 1
2898 1
2899 1
2900 1
2901 1
2902 1
2903 1
2904 1
2905 1
2906 2
2907 1
2908 1
2909 2
2910 1
2911 1
2912 1
2913 1
2914 1
2915 1
2916 1
2917 1
2918 1
2919 1
2920 1
2921 1
2922 1
2923 1
2924 2
2925 1
2926 1
2927 1
2928 1
2929 1
2930 1
2931 1
2932 1
2933 2
2934 1
2935 2
2936 1
2937 1
2938 1
2939 1
2940 1
2941 2
2942 1
2943 2
2944 1
2945 1
2946 2
2947 1
2948 1
2949 1
2950 1
2951 1
2952 1
2953 1
2954 1
2955 1
2956 1
2957 1
2958 1
2959 1
2960 2
2961 1
2962 1
2963 1
2964 1
2965 2
2966 1
2967 1
2968 1
2969 1
2970 1
2971 1
2972 2
2973 1
2974 1
2975 1
2976 2
2977 1
2978 1
2979 1
2980 1
2981 1
2982 1
2983 1
2984 1
2985 1
2986 1
2987 1
2988 1
2989 1
2990 1
2991 1
2992 1
2993 1
2994 1
2995 1
2996 2
2997 1
2998 1
2999 1
3000 1
3001 1
3002 1
3003 1
3004 0
3005 1
3006 1
3007 1
3008 1
3009 1
3010 1
3011 1
3012 1
3013 1
3014 1
3015 2
3016 1
3017 1
3018 2
3019 1
3020 1
3021 1
3022 1
3023 1
3024 1
3025 2
3026 1
3027 1
3028 1
3029 1
3030 2
3031 1
3032 1
3033 1
3034 2
3035 1
3036 1
3037 1
3038 1
3039 1
3040 1
3041 2
3042 2
3043 1
3044 1
3045 1
3046 1
3047 1
3048 1
3049 1
3050 1
3051 1
3052 1
3053 2
3054 1
3055 1
3056 1
3057 1
3058 1
3059 1
3060 1
3061 1
3062 1
3063 1
3064 1
3065 1
3066 1
3067 1
3068 1
3069 1
3070 2
3071 2
3072 1
3073 1
3074 1
3075 1
3076 1
3077 1
3078 1
3079 1
3080 1
3081 1
3082 1
3083 1
3084 1
3085 1
3086 2
3087 1
3088 1
3089 1
3090 1
3091 1
3092 1
3093 1
3094 1
3095 1
3096 1
3097 1
3098 1
3099 1
3100 1
3101 1
3102 1
3103 1
3104 1
3105 1
3106 1
3107 1
3108 1
3109 1
3110 1
3111 1
3112 1
3113 1
3114 1
3115 1
3116 2
3117 2
3118 1
3119 1
3120 2
3121 1
3122 2
3123 2
3124 1
3125 2
3126 1
3127 1
3128 1
3129 1
3130 1
3131 1
3132 1
3133 1
3134 2
3135 1
3136 2
3137 1
3138 1
3139 1
3140 1
3141 1
3142 1
3143 1
3144 2
3145 1
3146 2
3147 1
3148 2
3149 1
3150 1
3151 1
3152 1
3153 1
3154 1
3155 1
3156 2
3157 1
3158 1
3159 1
3160 1
3161 1
3162 1
3163 2
3164 1
3165 1
3166 1
3167 1
3168 1
3169 1
3170 1
3171 1
3172 1
3173 1
3174 1
3175 2
3176 1
3177 1
3178 1
3179 1
3180 1
3181 1
3182 1
3183 1
3184 2
3185 1
3186 1
3187 1
3188 1
3189 1
3190 1
3191 1
3192 1
3193 1
3194 1
3195 1
3196 1
3197 1
3198 1
3199 1
3200 1
3201 1
3202 1
3203 1
3204 1
3205 2
3206 1
3207 1
3208 1
3209 2
3210 1
3211 1
3212 1
3213 1
3214 1
3215 1
3216 1
3217 1
3218 1
3219 1
3220 2
3221 2
3222 1
3223 1
3224 1
3225 1
3226 1
3227 1
3228 1
3229 1
3230 2
3231 1
3232 1
3233 1
3234 1
3235 1
3236 2
3237 1
3238 1
3239 1
3240 1
3241 1
3242 1
3243 1
3244 1
3245 1
3246 1
3247 1
3248 1
3249 1
3250 1
3251 1
3252 1
3253 1
3254 2
3255 1
3256 1
3257 1
3258 1
3259 1
3260 1
3261 2
3262 1
3263 1
3264 1
3265 1
3266 1
3267 1
3268 1
3269 1
3270 2
3271 1
3272 1
3273 1
3274 1
3275 2
3276 1
3277 1
3278 2
3279 1
3280 2
3281 1
3282 2
3283 1
3284 1
3285 1
3286 1
3287 1
3288 1
3289 2
3290 1
3291 1
3292 2
3293 1
3294 1
3295 1
3296 2
3297 1
3298 1
3299 1
3300 1
3301 1
3302 1
3303 1
3304 1
3305 1
3306 1
3307 0
3308 1
3309 1
3310 1
3311 1
3312 1
3313 1
3314 1
3315 1
3316 1
3317 1
3318 1
3319 1
3320 2
3321 2
3322 1
3323 1
3324 2
3325 2
3326 1
3327 1
3328 1
3329 1
3330 1
3331 1
3332 1
3333 1
3334 1
3335 2
3336 1
3337 1
3338 1
3339 1
3340 1
3341 1
3342 2
3343 1
3344 1
3345 1
3346 1
3347 1
3348 1
3349 1
3350 1
3351 1
3352 1
3353 1
3354 1
3355 1
3356 1
3357 1
3358 1
3359 1
3360 2
3361 1
3362 1
3363 1
3364 1
3365 1
3366 1
3367 1
3368 2
3369 1
3370 1
3371 1
3372 1
3373 2
3374 1
3375 1
3376 1
3377 1
3378 1
3379 1
3380 1
3381 2
3382 1
3383 1
3384 1
3385 1
3386 1
3387 1
3388 2
3389 1
3390 1
3391 1
3392 1
3393 1
3394 2
3395 1
3396 2
3397 1
3398 1
3399 2
3400 1
3401 1
3402 1
3403 2
3404 1
3405 1
3406 1
3407 1
3408 1
3409 1
3410 1
3411 1
3412 1
3413 1
3414 1
3415 1
3416 1
3417 1
3418 1
3419 1
3420 2
3421 1
3422 1
3423 2
3424 1
3425 1
3426 2
3427 1
3428 1
3429 1
3430 2
3431 1
3432 1
3433 1
3434 1
3435 1
3436 1
3437 1
3438 2
3439 1
3440 1
3441 1
3442 1
3443 1
3444 1
3445 1
3446 1
3447 2
3448 1
3449 1
3450 1
3451 2
3452 1
3453 2
3454 1
3455 1
3456 1
3457 1
3458 1
3459 2
3460 1
3461 1
3462 1
3463 1
3464 1
3465 1
3466 1
3467 1
3468 1
3469 0
3470 1
3471 1
3472 1
3473 2
3474 1
3475 1
3476 1
3477 1
3478 1
3479 1
3480 1
3481 2
3482 1
3483 1
3484 1
3485 2
3486 1
3487 1
3488 2
3489 1
3490 2
3491 2
3492 1
3493 1
3494 2
3495 2
3496 1
3497 1
3498 1
3499 1
3500 1
3501 1
3502 1
3503 1
3504 1
3505 1
3506 2
3507 2
3508 1
3509 1
3510 1
3511 1
3512 1
3513 1
3514 1
3515 1
3516 1
3517 1
3518 1
3519 1
3520 1
3521 1
3522 2
3523 1
3524 1
3525 1
3526 1
3527 1
3528 1
3529 1
3530 1
3531 1
3532 1
3533 1
3534 1
3535 1
3536 1
3537 1
3538 1
3539 1
3540 1
3541 1
3542 1
3543 1
3544 1
3545 1
3546 1
3547 1
3548 1
3549 2
3550 1
3551 1
3552 1
3553 1
3554 1
3555 2
3556 1
3557 1
3558 1
3559 1
3560 1
3561 1
3562 1
3563 1
3564 1
3565 1
3566 1
3567 1
3568 1
3569 1
3570 1
3571 1
3572 1
3573 1
3574 1
3575 0
3576 1
3577 1
3578 2
3579 1
3580 1
3581 1
3582 1
3583 1
3584 1
3585 2
3586 1
3587 1
3588 1
3589 1
3590 1
3591 2
3592 1
3593 1
3594 1
3595 1
3596 1
3597 1
3598 1
3599 1
3600 0
3601 1
3602 1
3603 1
3604 1
3605 0
3606 1
3607 1
3608 1
3609 0
3610 1
3611 2
3612 1
3613 1
3614 2
3615 1
3616 1
3617 1
3618 1
3619 1
3620 2
3621 1
3622 1
3623 2
3624 1
3625 1
3626 1
3627 1
3628 1
3629 1
3630 2
3631 2
3632 2
3633 1
3634 2
3635 1
3636 1
3637 1
3638 2
3639 1
3640 2
3641 2
3642 1
3643 1
3644 2
3645 2
3646 2
3647 1
3648 2
3649 2
3650 1
3651 2
3652 1
3653 2
3654 1
3655 1
3656 2
3657 1
3658 1
3659 2
3660 1
3661 2
3662 2
3663 1
3664 1
3665 1
3666 1
3667 1
3668 1
3669 2
3670 1
3671 1
3672 1
3673 1
3674 1
3675 1
3676 2
3677 1
3678 1
3679 1
3680 1
3681 1
3682 1
3683 2
3684 1
3685 1
3686 1
3687 2
3688 2
3689 2
3690 1
3691 1
3692 2
3693 1
3694 0
3695 1
3696 2
3697 1
3698 2
3699 1
3700 1
3701 2
3702 2
3703 1
3704 1
3705 1
3706 2
3707 2
3708 2
3709 1
3710 2
3711 1
3712 2
3713 1
3714 2
3715 1
3716 1
3717 2
3718 1
3719 2
3720 2
3721 1
3722 2
3723 1
3724 2
3725 1
3726 1
3727 1
3728 2
3729 1
3730 1
3731 2
3732 2
3733 2
3734 1
3735 2
3736 1
3737 2
3738 1
3739 1
3740 2
3741 2
3742 2
3743 2
3744 2
3745 1
3746 1
3747 1
3748 1
3749 2
3750 2
3751 2
3752 2
3753 2
3754 2
3755 1
3756 2
3757 1
3758 2
3759 2
3760 1
3761 2
3762 1
3763 2
3764 2
3765 1
3766 2
3767 2
3768 2
3769 0
3770 2
3771 2
3772 2
3773 1
3774 2
3775 2
3776 1
3777 2
3778 2
3779 1
3780 2
3781 1
3782 1
3783 1
3784 1
3785 2
3786 1
3787 1
3788 1
3789 2
3790 1
3791 1
3792 0
3793 1
3794 1
3795 1
3796 1
3797 1
3798 2
3799 2
3800 2
3801 1
3802 1
3803 1
3804 2
3805 1
3806 1
3807 2
3808 2
3809 2
3810 1
3811 2
3812 2
3813 1
3814 2
3815 1
3816 2
3817 2
3818 1
3819 2
3820 1
3821 1
3822 1
3823 1
3824 2
3825 1
3826 2
3827 2
3828 2
3829 1
3830 1
3831 2
3832 1
3833 1
3834 2
3835 1
3836 1
3837 2
3838 2
3839 2
3840 1
3841 1
3842 1
3843 1
3844 1
3845 2
3846 2
3847 1
3848 2
3849 1
3850 2
3851 1
3852 2
3853 2
3854 2
3855 1
3856 2
3857 2
3858 1
3859 1
3860 1
3861 2
3862 2
3863 2
3864 1
3865 1
3866 1
3867 2
3868 1
3869 1
3870 2
3871 2
3872 2
3873 1
3874 1
3875 2
3876 2
3877 2
3878 1
3879 1
3880 2
3881 1
3882 1
3883 2
3884 2
3885 1
3886 2
3887 1
3888 1
3889 1
3890 2
3891 1
3892 2
3893 2
3894 2
3895 1
3896 2
3897 2
3898 1
3899 2
3900 2
3901 1
3902 1
3903 2
3904 1
3905 1
3906 2
3907 2
3908 2
3909 1
3910 2
3911 1
3912 1
3913 2
3914 1
3915 2
3916 2
3917 2
3918 1
3919 1
3920 1
3921 1
3922 2
3923 2
3924 1
3925 2
3926 2
3927 2
3928 2
3929 2
3930 1
3931 1
3932 1
3933 2
3934 1
3935 1
3936 2
3937 1
3938 2
3939 1
3940 2
3941 1
3942 2
3943 1
3944 2
3945 1
3946 1
3947 1
3948 2
3949 2
3950 2
3951 2
3952 1
3953 1
3954 2
3955 1
3956 2
3957 2
3958 2
3959 2
3960 1
3961 1
3962 1
3963 1
3964 2
3965 1
3966 2
3967 2
3968 2
3969 2
3970 2
3971 2
3972 2
3973 1
3974 1
3975 1
3976 2
3977 2
3978 2
3979 2
3980 1
3981 2
3982 1
3983 2
3984 2
3985 2
3986 2
3987 2
3988 2
3989 1
3990 2
3991 1
3992 1
3993 2
3994 1
3995 1
3996 1
3997 1
3998 2
3999 2
4000 2
4001 2
4002 2
4003 2
4004 2
4005 1
4006 2
4007 2
4008 2
4009 1
4010 1
4011 2
4012 1
4013 2
4014 2
4015 2
4016 1
4017 1
4018 1
4019 2
4020 2
4021 1
4022 1
4023 1
4024 1
4025 1
4026 1
4027 1
4028 2
4029 2
4030 1
4031 1
4032 1
4033 1
4034 1
4035 1
4036 1
4037 1
4038 2
4039 1
4040 2
4041 1
4042 1
4043 1
4044 1
4045 1
4046 1
4047 1
4048 1
4049 1
4050 2
4051 1
4052 1
4053 2
4054 1
4055 1
4056 1
4057 1
4058 1
4059 1
4060 1
4061 2
4062 1
4063 1
4064 1
4065 1
4066 1
4067 2
4068 1
4069 2
4070 1
4071 1
4072 1
4073 2
4074 1
4075 1
4076 1
4077 1
4078 2
4079 1
4080 1
4081 1
4082 1
4083 1
4084 1
4085 2
4086 2
4087 1
4088 1
4089 1
4090 1
4091 1
4092 1
4093 1
4094 1
4095 1
4096 1
4097 1
4098 1
4099 1
4100 1
4101 2
4102 1
4103 1
4104 1
4105 1
4106 1
4107 1
4108 1
4109 1
4110 1
4111 1
4112 1
4113 2
4114 1
4115 1
4116 2
4117 1
4118 2
4119 2
4120 2
4121 1
4122 2
4123 2
4124 1
4125 1
4126 2
4127 0
4128 1
4129 2
4130 2
4131 1
4132 1
4133 2
4134 2
4135 1
4136 2
4137 2
4138 1
4139 1
4140 1
4141 1
4142 2
4143 1
4144 1
4145 2
4146 2
4147 1
4148 2
4149 2
4150 2
4151 2
4152 2
4153 2
4154 1
4155 1
4156 1
4157 1
4158 1
4159 1
4160 2
4161 2
4162 2
4163 2
4164 2
4165 2
4166 2
4167 1
4168 2
4169 2
4170 1
4171 1
4172 2
4173 2
4174 2
4175 1
4176 2
4177 1
4178 2
4179 2
4180 1
4181 2
4182 2
4183 2
4184 2
4185 2
4186 1
4187 1
4188 1
4189 2
4190 2
4191 1
4192 1
4193 1
4194 1
4195 2
4196 2
4197 1
4198 1
4199 1
4200 1
4201 1
4202 1
4203 1
4204 1
4205 1
4206 1
4207 1
4208 1
4209 1
4210 1
4211 1
4212 1
4213 1
4214 1
4215 1
4216 1
4217 1
4218 1
4219 1
4220 1
4221 1
4222 1
4223 2
4224 2
4225 2
4226 2
4227 1
4228 1
4229 1
4230 1
4231 1
4232 2
4233 1
4234 1
4235 1
4236 1
4237 1
4238 1
4239 1
4240 1
4241 1
4242 1
4243 1
4244 1
4245 2
4246 1
4247 1
4248 1
4249 1
4250 1
4251 1
4252 1
4253 1
4254 1
4255 1
4256 1
4257 1
4258 1
4259 1
4260 1
4261 2
4262 2
4263 1
4264 2
4265 1
4266 1
4267 1
4268 1
4269 1
4270 1
4271 1
4272 1
4273 1
4274 1
4275 1
4276 1
4277 1
4278 1
4279 1
4280 1
4281 1
4282 2
4283 1
4284 1
4285 1
4286 1
4287 1
4288 1
4289 1
4290 1
4291 1
4292 1
4293 2
4294 1
4295 2
4296 1
4297 1
4298 1
4299 2
4300 1
4301 1
4302 1
4303 1
4304 2
4305 1
4306 1
4307 1
4308 1
4309 1
4310 1
4311 1
4312 1
4313 2
4314 1
4315 2
4316 1
4317 1
4318 1
4319 1
4320 1
4321 1
4322 1
4323 1
4324 1
4325 1
4326 1
4327 1
4328 1
4329 1
4330 1
4331 1
4332 1
4333 2
4334 1
4335 1
4336 1
4337 1
4338 1
4339 1
4340 1
4341 1
4342 1
4343 1
4344 1
4345 1
4346 1
4347 1
4348 1
4349 1
4350 2
4351 2
4352 1
4353 1
4354 1
4355 1
4356 2
4357 1
4358 1
4359 1
4360 2
4361 1
4362 1
4363 1
4364 1
4365 1
4366 1
4367 1
4368 1
4369 1
4370 1
4371 1
4372 1
4373 1
4374 1
4375 2
4376 2
4377 1
4378 1
4379 1
4380 1
4381 1
4382 2
4383 1
4384 1
4385 1
4386 1
4387 1
4388 1
4389 1
4390 1
4391 2
4392 1
4393 1
4394 1
4395 1
4396 1
4397 1
4398 2
4399 1
4400 1
4401 1
4402 1
4403 1
4404 1
4405 1
4406 1
4407 1
4408 1
4409 1
4410 2
4411 1
4412 1
4413 1
4414 1
4415 2
4416 1
4417 1
4418 2
4419 1
4420 1
4421 1
4422 1
4423 1
4424 1
4425 1
4426 1
4427 1
4428 1
4429 2
4430 1
4431 1
4432 1
4433 2
4434 1
4435 1
4436 1
4437 1
4438 1
4439 1
4440 1
4441 1
4442 1
4443 1
4444 1
4445 1
4446 2
4447 1
4448 1
4449 1
4450 1
4451 2
4452 1
4453 1
4454 1
4455 1
4456 1
4457 1
4458 2
4459 1
4460 1
4461 1
4462 1
4463 1
4464 1
4465 1
4466 1
4467 1
4468 1
4469 1
4470 1
4471 1
4472 1
4473 1
4474 2
4475 1
4476 1
4477 1
4478 1
4479 1
4480 1
4481 1
4482 1
4483 2
4484 1
4485 1
4486 1
4487 1
4488 1
4489 1
4490 2
4491 2
4492 1
4493 1
4494 1
4495 1
4496 1
4497 1
4498 1
4499 1
4500 1
4501 1
4502 1
4503 1
4504 1
4505 2
4506 1
4507 1
4508 1
4509 1
4510 1
4511 1
4512 1
4513 1
4514 1
4515 1
4516 1
4517 2
4518 1
4519 1
4520 1
4521 1
4522 1
4523 1
4524 1
4525 1
4526 1
4527 1
4528 1
4529 1
4530 1
4531 1
4532 1
4533 1
4534 1
4535 1
4536 1
4537 1
4538 1
4539 1
4540 1
4541 1
4542 1
4543 1
4544 1
4545 1
4546 1
4547 1
4548 1
4549 1
4550 1
4551 2
4552 1
4553 2
4554 1
4555 1
4556 1
4557 1
4558 2
4559 1
4560 1
4561 1
4562 1
4563 1
4564 1
4565 2
4566 1
4567 2
4568 1
4569 1
4570 2
4571 1
4572 1
4573 1
4574 1
4575 1
4576 1
4577 1
4578 1
4579 1
4580 1
4581 2
4582 1
4583 0
4584 1
4585 1
4586 1
4587 1
4588 2
4589 1
4590 2
4591 1
4592 1
4593 1
4594 1
4595 1
4596 1
4597 1
4598 2
4599 2
4600 1
4601 1
4602 2
4603 2
4604 2
4605 1
4606 2
4607 1
4608 2
4609 1
4610 2
4611 1
4612 2
4613 2
4614 2
4615 1
4616 1
4617 1
4618 2
4619 2
4620 2
4621 1
4622 1
4623 1
4624 2
4625 1
4626 2
4627 2
4628 2
4629 2
4630 2
4631 1
4632 1
4633 2
4634 2
4635 1
4636 2
4637 2
4638 1
4639 2
4640 2
4641 2
4642 0
4643 1
4644 1
4645 2
4646 1
4647 1
4648 2
4649 2
4650 1
4651 2
4652 1
4653 2
4654 1
4655 1
4656 1
4657 2
4658 1
4659 1
4660 1
4661 1
4662 1
4663 2
4664 2
4665 1
4666 2
4667 2
4668 2
4669 1
4670 1
4671 1
4672 2
4673 1
4674 2
4675 2
4676 2
4677 1
4678 2
4679 1
4680 2
4681 2
4682 2
4683 1
4684 1
4685 2
4686 1
4687 1
4688 1
4689 1
4690 2
4691 1
4692 2
4693 2
4694 1
4695 2
4696 1
4697 1
4698 1
4699 1
4700 2
4701 1
4702 1
4703 1
4704 1
4705 2
4706 2
4707 1
4708 2
4709 1
4710 2
4711 2
4712 1
4713 2
4714 2
4715 1
4716 2
4717 1
4718 2
4719 2
4720 2
4721 2
4722 1
4723 2
4724 2
4725 2
4726 2
4727 1
4728 2
4729 2
4730 2
4731 2
4732 1
4733 2
4734 1
4735 2
4736 2
4737 2
4738 2
4739 1
4740 2
4741 1
4742 2
4743 2
4744 2
4745 1
4746 2
4747 1
4748 1
4749 2
4750 2
4751 2
4752 1
4753 1
4754 2
4755 2
4756 2
4757 1
4758 1
4759 2
4760 1
4761 2
4762 2
4763 1
4764 1
4765 2
4766 2
4767 1
4768 1
4769 2
4770 2
4771 1
4772 2
4773 2
4774 2
4775 2
4776 2
4777 2
4778 2
4779 2
4780 2
4781 2
4782 2
4783 2
4784 1
4785 2
4786 2
4787 1
4788 2
4789 2
4790 1
4791 2
4792 2
4793 1
4794 1
4795 2
4796 1
4797 2
4798 2
4799 2
4800 2
4801 2
4802 2
4803 2
4804 1
4805 1
4806 2
4807 2
4808 2
4809 2
4810 1
4811 2
4812 2
4813 2
4814 1
4815 2
4816 1
4817 1
4818 1
4819 2
4820 1
4821 2
4822 2
4823 2
4824 1
4825 2
4826 2
4827 2
4828 2
4829 2
4830 2
4831 1
4832 1
4833 2
4834 2
4835 2
4836 2
4837 2
4838 2
4839 1
4840 2
4841 2
4842 1
4843 2
4844 1
4845 1
4846 2
4847 2
4848 2
4849 1
4850 2
4851 1
4852 1
4853 1
4854 1
4855 2
4856 1
4857 1
4858 2
4859 1
4860 2
4861 2
4862 1
4863 1
4864 1
4865 2
4866 1
4867 1
4868 2
4869 2
4870 2
4871 2
4872 1
4873 2
4874 1
4875 1
4876 1
4877 2
4878 1
4879 2
4880 2
4881 2
4882 1
4883 1
4884 1
4885 2
4886 2
4887 2
4888 2
4889 1
4890 2
4891 2
4892 1
4893 1
4894 1
4895 2
4896 2
4897 2
4898 2
4899 2
4900 1
4901 1
4902 2
4903 2
4904 2
4905 1
4906 2
4907 2
4908 2
4909 2
4910 2
4911 1
4912 1
4913 1
4914 2
4915 1
4916 2
4917 2
4918 1
4919 1
4920 2
4921 1
4922 2
4923 1
4924 1
4925 2
4926 2
4927 2
4928 1
4929 1
4930 2
4931 1
4932 2
4933 2
4934 1
4935 2
4936 1
4937 1
4938 2
4939 2
4940 2
4941 1
4942 2
4943 1
4944 1
4945 2
4946 1
4947 2
4948 2
4949 2
4950 2
4951 2
4952 2
4953 1
4954 2
4955 2
4956 2
4957 2
4958 1
4959 1
4960 1
4961 1
4962 2
4963 2
4964 2
4965 2
4966 2
4967 1
4968 1
4969 2
4970 2
4971 1
4972 1
4973 2
4974 1
4975 1
4976 1
4977 2
4978 2
4979 1
4980 1
4981 1
4982 2
4983 2
4984 2
4985 1
4986 2
4987 1
4988 1
4989 2
4990 1
4991 2
4992 2
4993 2
4994 2
4995 2
4996 2
4997 1
4998 2
4999 2
