frame    mol0
    0   1.655
    1   1.746
    2   1.741
    3   1.711
    4   1.732
    5   1.784
    6   1.763
    7   1.730
    8   1.787
    9   1.824
   10   1.768
   11   1.778
   12   1.781
   13   1.746
   14   1.759
   15   1.738
   16   1.803
   17   1.732
   18   1.750
   19   1.717
   20   1.754
   21   1.773
   22   1.744
   23   1.716
   24   1.721
   25   1.698
   26   1.786
   27   1.748
   28   1.771
   29   1.780
   30   1.719
   31   1.787
   32   1.740
   33   1.734
   34   1.671
   35   1.750
   36   1.816
   37   1.717
   38   1.752
   39   1.740
   40   1.722
   41   1.706
   42   1.715
   43   1.749
   44   1.733
   45   1.848
   46   1.860
   47   1.817
   48   1.826
   49   1.827
   50   1.784
   51   1.701
   52   1.787
   53   1.789
   54   1.749
   55   1.787
   56   1.778
   57   1.787
   58   1.813
   59   1.863
   60   1.870
   61   1.853
   62   1.896
   63   1.868
   64   1.887
   65   1.934
   66   1.840
   67   1.818
   68   1.783
   69   1.808
   70   1.782
   71   1.826
   72   1.777
   73   1.830
   74   1.812
   75   1.755
   76   1.681
   77   1.732
   78   1.746
   79   1.777
   80   1.790
   81   1.760
   82   1.772
   83   1.789
   84   1.808
   85   1.763
   86   1.780
   87   1.773
   88   1.762
   89   1.818
   90   1.780
   91   1.861
   92   1.834
   93   1.726
   94   1.801
   95   1.730
   96   1.800
   97   1.873
   98   1.873
   99   1.930
  100   1.907
  101   1.920
  102   1.861
  103   1.834
  104   1.811
  105   1.785
  106   1.852
  107   1.824
  108   1.944
  109   1.900
  110   1.860
  111   1.815
  112   1.835
  113   1.825
  114   1.820
  115   1.807
  116   1.825
  117   1.822
  118   1.911
  119   1.964
  120   1.865
  121   1.890
  122   1.855
  123   1.806
  124   1.836
  125   1.829
  126   1.870
  127   1.835
  128   1.819
  129   1.842
  130   1.809
  131   1.810
  132   1.768
  133   1.851
  134   1.766
  135   1.777
  136   1.784
  137   1.846
  138   1.862
  139   1.858
  140   1.821
  141   1.848
  142   1.876
  143   1.863
  144   1.894
  145   1.934
  146   1.839
  147   1.834
  148   1.777
  149   1.828
  150   1.818
  151   1.803
  152   1.847
  153   1.909
  154   1.903
  155   1.918
  156   1.913
  157   1.877
  158   1.866
  159   1.878
  160   1.813
  161   1.921
  162   1.865
  163   1.848
  164   1.822
  165   1.856
  166   1.803
  167   1.827
  168   1.850
  169   1.822
  170   1.804
  171   1.818
  172   1.781
  173   1.817
  174   1.887
  175   1.813
  176   1.844
  177   1.784
  178   1.825
  179   1.821
  180   1.770
  181   1.755
  182   1.739
  183   1.756
  184   1.764
  185   1.812
  186   1.743
  187   1.780
  188   1.793
  189   1.757
  190   1.797
  191   1.715
  192   1.750
  193   1.821
  194   1.799
  195   1.839
  196   1.854
  197   1.859
  198   1.922
  199   1.903
  200   1.855
  201   1.804
  202   1.868
  203   1.815
  204   1.793
  205   1.850
  206   1.749
  207   1.729
  208   1.813
  209   1.774
  210   1.766
  211   1.793
  212   1.812
  213   1.760
  214   1.751
  215   1.728
  216   1.774
  217   1.792
  218   1.758
  219   1.702
  220   1.726
  221   1.820
  222   1.775
  223   1.775
  224   1.785
  225   1.775
  226   1.785
  227   1.756
  228   1.725
  229   1.732
  230   1.709
  231   1.698
  232   1.699
  233   1.738
  234   1.760
  235   1.712
  236   1.778
  237   1.668
  238   1.627
  239   1.597
  240   1.643
  241   1.631
  242   1.613
  243   1.669
  244   1.748
  245   1.761
  246   1.756
  247   1.767
  248   1.815
  249   1.700
  250   1.713
  251   1.848
  252   1.741
  253   1.738
  254   1.784
  255   1.787
  256   1.765
  257   1.746
  258   1.801
  259   1.848
  260   1.882
  261   1.854
  262   1.833
  263   1.776
  264   1.772
  265   1.801
  266   1.763
  267   1.759
  268   1.780
  269   1.789
  270   1.806
  271   1.801
  272   1.727
  273   1.721
  274   1.712
  275   1.682
  276   1.727
  277   1.722
  278   1.675
  279   1.689
  280   1.691
  281   1.742
  282   1.752
  283   1.772
  284   1.738
  285   1.711
  286   1.678
  287   1.744
  288   1.774
  289   1.791
  290   1.813
  291   1.782
  292   1.795
  293   1.773
  294   1.723
  295   1.701
  296   1.744
  297   1.746
  298   1.718
  299   1.785
  300   1.731
  301   1.726
  302   1.712
  303   1.743
  304   1.708
  305   1.743
  306   1.782
  307   1.716
  308   1.782
  309   1.775
  310   1.780
  311   1.824
  312   1.808
  313   1.731
  314   1.708
  315   1.696
  316   1.799
  317   1.795
  318   1.856
  319   1.858
  320   1.840
  321   1.874
  322   1.954
  323   1.897
  324   1.874
  325   1.913
  326   1.990
  327   1.865
  328   1.859
  329   1.808
  330   1.852
  331   1.819
  332   1.759
  333   1.861
  334   1.923
  335   1.913
  336   1.896
  337   1.854
  338   1.823
  339   1.834
  340   1.831
  341   1.795
  342   1.784
  343   1.758
  344   1.763
  345   1.773
  346   1.831
  347   1.813
  348   1.734
  349   1.778
  350   1.746
  351   1.814
  352   1.765
  353   1.790
  354   1.777
  355   1.740
  356   1.803
  357   1.773
  358   1.794
  359   1.765
  360   1.810
  361   1.761
  362   1.768
  363   1.795
  364   1.702
  365   1.714
  366   1.692
  367   1.716
  368   1.734
  369   1.745
  370   1.719
  371   1.690
  372   1.681
  373   1.706
  374   1.667
  375   1.682
  376   1.721
  377   1.700
  378   1.679
  379   1.710
  380   1.749
  381   1.810
  382   1.716
  383   1.777
  384   1.797
  385   1.821
  386   1.691
  387   1.747
  388   1.703
  389   1.767
  390   1.694
  391   1.747
  392   1.686
  393   1.707
  394   1.601
  395   1.684
  396   1.636
  397   1.629
  398   1.710
  399   1.689
  400   1.713
  401   1.733
  402   1.761
  403   1.721
  404   1.668
  405   1.752
  406   1.752
  407   1.727
  408   1.701
  409   1.638
  410   1.676
  411   1.712
  412   1.709
  413   1.680
  414   1.704
  415   1.639
  416   1.696
  417   1.722
  418   1.722
  419   1.706
  420   1.721
  421   1.686
  422   1.695
  423   1.727
  424   1.734
  425   1.794
  426   1.762
  427   1.699
  428   1.644
  429   1.776
  430   1.712
  431   1.786
  432   1.771
  433   1.774
  434   1.781
  435   1.784
  436   1.814
  437   1.796
  438   1.786
  439   1.782
  440   1.758
  441   1.726
  442   1.721
  443   1.775
  444   1.829
  445   1.867
  446   1.879
  447   1.890
  448   1.847
  449   1.813
  450   1.824
  451   1.777
  452   1.833
  453   1.786
  454   1.733
  455   1.771
  456   1.734
  457   1.798
  458   1.742
  459   1.727
  460   1.740
  461   1.772
  462   1.778
  463   1.686
  464   1.680
  465   1.670
  466   1.689
  467   1.700
  468   1.690
  469   1.679
  470   1.775
  471   1.746
  472   1.750
  473   1.736
  474   1.733
  475   1.667
  476   1.768
  477   1.709
  478   1.712
  479   1.795
  480   1.779
  481   1.686
  482   1.778
  483   1.712
  484   1.781
  485   1.698
  486   1.798
  487   1.792
  488   1.830
  489   1.811
  490   1.785
  491   1.841
  492   1.865
  493   1.880
  494   1.777
  495   1.724
  496   1.762
  497   1.717
  498   1.749
  499   1.771
  500   1.713
  501   1.767
  502   1.830
  503   1.812
  504   1.772
  505   1.758
  506   1.724
  507   1.673
  508   1.685
  509   1.668
  510   1.733
  511   1.779
  512   1.851
  513   1.794
  514   1.735
  515   1.737
  516   1.793
  517   1.829
  518   1.834
  519   1.837
  520   1.755
  521   1.807
  522   1.765
  523   1.852
  524   1.788
  525   1.782
  526   1.852
  527   1.809
  528   1.798
  529   1.870
  530   1.974
  531   1.903
  532   1.935
  533   1.850
  534   1.871
  535   1.904
  536   1.931
  537   1.979
  538   1.997
  539   1.973
  540   1.987
  541   2.036
  542   1.939
  543   1.990
  544   1.994
  545   1.912
  546   1.927
  547   1.952
  548   1.925
  549   1.964
  550   1.965
  551   1.991
  552   1.924
  553   1.919
  554   1.895
  555   1.862
  556   1.891
  557   1.958
  558   1.911
  559   1.971
  560   2.011
  561   1.964
  562   1.954
  563   1.948
  564   2.030
  565   1.959
  566   2.067
  567   2.018
  568   2.099
  569   2.039
  570   2.018
  571   1.943
  572   2.005
  573   1.942
  574   1.985
  575   1.953
  576   1.910
  577   1.888
  578   1.909
  579   1.808
  580   1.859
  581   1.823
  582   1.771
  583   1.785
  584   1.796
  585   1.760
  586   1.771
  587   1.828
  588   1.874
  589   1.848
  590   1.818
  591   1.849
  592   1.818
  593   1.830
  594   1.844
  595   1.812
  596   1.916
  597   1.947
  598   1.864
  599   1.927
  600   1.891
  601   1.854
  602   1.871
  603   1.837
  604   1.823
  605   1.850
  606   1.889
  607   1.914
  608   1.780
  609   1.831
  610   1.894
  611   1.939
  612   1.895
  613   1.789
  614   1.837
  615   1.838
  616   1.819
  617   1.876
  618   1.853
  619   1.779
  620   1.841
  621   1.845
  622   1.890
  623   1.885
  624   1.872
  625   1.820
  626   1.853
  627   1.817
  628   1.834
  629   1.842
  630   1.836
  631   1.878
  632   1.941
  633   1.971
  634   1.866
  635   1.869
  636   1.833
  637   1.773
  638   1.841
  639   1.819
  640   1.778
  641   1.775
  642   1.783
  643   1.791
  644   1.855
  645   1.815
  646   1.849
  647   1.807
  648   1.881
  649   1.896
  650   1.838
  651   1.855
  652   1.871
  653   1.920
  654   1.857
  655   1.810
  656   1.865
  657   1.939
  658   1.945
  659   1.894
  660   1.876
  661   1.841
  662   1.857
  663   1.866
  664   1.840
  665   1.819
  666   1.832
  667   1.850
  668   1.885
  669   1.912
  670   1.914
  671   1.976
  672   1.961
  673   1.920
  674   1.883
  675   1.817
  676   1.896
  677   1.964
  678   1.963
  679   1.932
  680   1.938
  681   2.003
  682   1.976
  683   1.977
  684   2.006
  685   2.014
  686   1.988
  687   2.052
  688   1.955
  689   1.956
  690   1.974
  691   1.998
  692   2.038
  693   2.031
  694   2.076
  695   1.979
  696   2.075
  697   2.046
  698   2.061
  699   2.015
  700   1.952
  701   1.970
  702   1.943
  703   2.005
  704   1.911
  705   1.958
  706   1.974
  707   2.000
  708   2.011
  709   1.964
  710   2.032
  711   1.974
  712   1.940
  713   1.939
  714   1.998
  715   1.964
  716   1.924
  717   1.886
  718   1.835
  719   1.830
  720   1.809
  721   1.811
  722   1.939
  723   1.961
  724   1.853
  725   1.897
  726   1.896
  727   1.932
  728   1.913
  729   1.888
  730   1.836
  731   1.848
  732   1.831
  733   1.834
  734   1.783
  735   1.835
  736   1.773
  737   1.831
  738   1.856
  739   1.929
  740   1.841
  741   1.880
  742   1.865
  743   1.861
  744   1.854
  745   1.886
  746   1.838
  747   1.884
  748   1.945
  749   1.891
  750   1.905
  751   1.910
  752   1.896
  753   1.889
  754   1.908
  755   1.898
  756   1.888
  757   1.978
  758   1.924
  759   1.978
  760   1.914
  761   1.843
  762   1.911
  763   1.956
  764   1.953
  765   1.961
  766   1.885
  767   1.937
  768   1.858
  769   1.869
  770   1.813
  771   1.800
  772   1.799
  773   1.833
  774   1.821
  775   1.809
  776   1.784
  777   1.849
  778   1.793
  779   1.779
  780   1.785
  781   1.778
  782   1.758
  783   1.757
  784   1.809
  785   1.811
  786   1.873
  787   1.768
  788   1.750
  789   1.786
  790   1.910
  791   1.897
  792   1.862
  793   1.917
  794   1.830
  795   1.811
  796   1.894
  797   1.953
  798   2.054
  799   1.983
  800   1.995
  801   1.949
  802   1.921
  803   1.951
  804   1.989
  805   1.949
  806   1.923
  807   1.911
  808   1.867
  809   1.950
  810   1.937
  811   1.910
  812   1.837
  813   1.865
  814   1.869
  815   1.921
  816   2.000
  817   2.017
  818   1.974
  819   1.954
  820   1.962
  821   1.948
  822   1.982
  823   1.922
  824   1.958
  825   1.997
  826   2.009
  827   1.973
  828   2.021
  829   2.065
  830   2.064
  831   2.049
  832   2.089
  833   2.088
  834   2.050
  835   2.098
  836   2.057
  837   2.026
  838   1.993
  839   2.059
  840   1.999
  841   1.863
  842   1.968
  843   2.040
  844   1.960
  845   1.978
  846   1.967
  847   1.955
  848   2.100
  849   1.994
  850   2.031
  851   1.994
  852   1.930
  853   2.035
  854   2.036
  855   2.013
  856   2.021
  857   2.058
  858   2.074
  859   2.138
  860   2.027
  861   1.995
  862   2.050
  863   2.020
  864   2.033
  865   2.020
  866   2.001
  867   2.009
  868   2.103
  869   2.131
  870   2.052
  871   2.078
  872   2.008
  873   1.983
  874   1.980
  875   1.964
  876   1.962
  877   2.061
  878   1.992
  879   2.117
  880   2.006
  881   1.981
  882   1.868
  883   1.902
  884   1.980
  885   1.934
  886   1.929
  887   1.936
  888   1.932
  889   1.918
  890   1.946
  891   1.980
  892   1.998
  893   2.016
  894   1.960
  895   1.952
  896   1.968
  897   2.018
  898   2.075
  899   2.107
  900   2.074
  901   2.091
  902   2.094
  903   2.081
  904   2.073
  905   2.057
  906   2.074
  907   2.070
  908   2.066
  909   2.072
  910   2.019
  911   2.013
  912   2.016
  913   2.082
  914   2.127
  915   2.085
  916   2.105
  917   2.097
  918   2.129
  919   2.118
  920   2.042
  921   2.137
  922   2.123
  923   2.210
  924   2.111
  925   2.153
  926   2.185
  927   2.219
  928   2.247
  929   2.302
  930   2.213
  931   2.269
  932   2.248
  933   2.273
  934   2.216
  935   2.188
  936   2.112
  937   2.083
  938   2.161
  939   2.126
  940   2.108
  941   1.996
  942   2.033
  943   2.100
  944   2.132
  945   2.159
  946   2.167
  947   2.082
  948   2.074
  949   2.038
  950   2.070
  951   2.006
  952   1.913
  953   1.909
  954   1.852
  955   1.941
  956   1.960
  957   2.070
  958   2.049
  959   2.008
  960   1.925
  961   1.966
  962   1.984
  963   1.929
  964   1.940
  965   1.988
  966   1.937
  967   2.000
  968   1.905
  969   1.900
  970   1.952
  971   1.942
  972   1.872
  973   1.883
  974   1.869
  975   1.862
  976   1.893
  977   1.922
  978   1.878
  979   1.930
  980   1.876
  981   1.938
  982   1.918
  983   1.966
  984   1.908
  985   1.896
  986   1.935
  987   1.942
  988   1.875
  989   1.936
  990   1.952
  991   1.974
  992   1.913
  993   1.941
  994   2.027
  995   1.863
  996   1.976
  997   1.916
  998   1.968
  999   1.962
 1000   1.979
 1001   1.907
 1002   2.057
 1003   2.012
 1004   1.946
 1005   1.954
 1006   1.990
 1007   1.965
 1008   1.966
 1009   2.029
 1010   1.948
 1011   1.962
 1012   1.931
 1013   1.953
 1014   1.983
 1015   1.910
 1016   1.932
 1017   1.973
 1018   1.922
 1019   1.952
 1020   1.913
 1021   1.932
 1022   1.901
 1023   1.994
 1024   1.983
 1025   2.006
 1026   2.013
 1027   1.982
 1028   1.965
 1029   1.936
 1030   1.953
 1031   1.906
 1032   1.817
 1033   1.830
 1034   1.802
 1035   1.828
 1036   1.828
 1037   1.913
 1038   1.857
 1039   1.892
 1040   1.916
 1041   1.944
 1042   1.903
 1043   1.883
 1044   1.885
 1045   1.867
 1046   1.836
 1047   1.898
 1048   1.887
 1049   1.880
 1050   1.805
 1051   1.878
 1052   1.859
 1053   1.857
 1054   1.847
 1055   1.876
 1056   1.827
 1057   1.889
 1058   1.856
 1059   1.823
 1060   1.837
 1061   1.876
 1062   1.851
 1063   1.867
 1064   1.919
 1065   1.917
 1066   1.961
 1067   2.015
 1068   2.020
 1069   2.027
 1070   1.923
 1071   1.941
 1072   1.984
 1073   1.994
 1074   1.958
 1075   1.887
 1076   1.925
 1077   1.884
 1078   1.909
 1079   1.916
 1080   1.875
 1081   1.924
 1082   1.870
 1083   1.969
 1084   2.088
 1085   2.041
 1086   1.917
 1087   2.030
 1088   1.950
 1089   2.027
 1090   1.935
 1091   1.883
 1092   1.946
 1093   1.847
 1094   1.926
 1095   1.980
 1096   1.912
 1097   2.010
 1098   1.994
 1099   2.027
 1100   2.003
 1101   1.922
 1102   1.917
 1103   1.868
 1104   1.977
 1105   1.992
 1106   1.973
 1107   1.935
 1108   1.957
 1109   1.977
 1110   1.934
 1111   1.927
 1112   1.931
 1113   1.903
 1114   1.891
 1115   1.874
 1116   1.833
 1117   1.854
 1118   1.877
 1119   1.878
 1120   1.951
 1121   1.919
 1122   1.988
 1123   1.956
 1124   1.988
 1125   1.979
 1126   2.061
 1127   2.060
 1128   2.009
 1129   2.056
 1130   2.058
 1131   2.171
 1132   2.050
 1133   2.063
 1134   2.046
 1135   2.095
 1136   2.125
 1137   2.104
 1138   2.090
 1139   2.117
 1140   2.103
 1141   2.174
 1142   2.194
 1143   2.163
 1144   2.140
 1145   2.144
 1146   2.228
 1147   2.181
 1148   2.180
 1149   2.138
 1150   2.104
 1151   2.063
 1152   2.026
 1153   2.049
 1154   2.022
 1155   1.978
 1156   1.996
 1157   2.060
 1158   2.065
 1159   2.087
 1160   2.002
 1161   2.072
 1162   2.073
 1163   2.110
 1164   2.157
 1165   2.062
 1166   2.038
 1167   2.108
 1168   2.098
 1169   2.039
 1170   1.986
 1171   1.954
 1172   1.997
 1173   1.973
 1174   2.064
 1175   2.039
 1176   1.958
 1177   1.932
 1178   2.000
 1179   2.064
 1180   2.030
 1181   1.937
 1182   1.910
 1183   1.950
 1184   2.014
 1185   1.921
 1186   1.961
 1187   1.954
 1188   2.037
 1189   1.896
 1190   1.986
 1191   1.891
 1192   1.834
 1193   1.879
 1194   1.959
 1195   1.933
 1196   1.953
 1197   2.008
 1198   1.981
 1199   1.879
 1200   1.964
 1201   1.886
 1202   1.942
 1203   1.890
 1204   1.926
 1205   1.905
 1206   2.000
 1207   1.908
 1208   1.974
 1209   1.939
 1210   1.968
 1211   1.968
 1212   1.961
 1213   1.891
 1214   1.855
 1215   1.919
 1216   1.920
 1217   1.944
 1218   1.958
 1219   2.024
 1220   2.017
 1221   2.027
 1222   2.057
 1223   2.025
 1224   1.980
 1225   1.865
 1226   1.938
 1227   1.906
 1228   1.971
 1229   1.940
 1230   1.973
 1231   1.970
 1232   1.903
 1233   1.947
 1234   1.944
 1235   1.973
 1236   1.987
 1237   1.999
 1238   2.002
 1239   1.994
 1240   2.063
 1241   2.057
 1242   2.016
 1243   1.978
 1244   1.968
 1245   1.963
 1246   2.001
 1247   2.000
 1248   1.967
 1249   1.997
 1250   1.997
 1251   2.051
 1252   2.013
 1253   1.986
 1254   1.911
 1255   1.955
 1256   1.928
 1257   1.982
 1258   1.917
 1259   1.868
 1260   1.890
 1261   1.887
 1262   1.878
 1263   1.934
 1264   1.941
 1265   1.937
 1266   1.946
 1267   1.962
 1268   1.976
 1269   1.973
 1270   1.935
 1271   1.930
 1272   1.938
 1273   1.925
 1274   1.883
 1275   1.865
 1276   1.958
 1277   1.993
 1278   1.911
 1279   1.865
 1280   1.936
 1281   1.844
 1282   1.828
 1283   1.888
 1284   1.859
 1285   1.891
 1286   1.881
 1287   1.962
 1288   1.932
 1289   1.995
 1290   1.930
 1291   1.926
 1292   1.983
 1293   2.024
 1294   2.043
 1295   2.033
 1296   2.018
 1297   2.026
 1298   2.058
 1299   2.004
 1300   1.953
 1301   1.974
 1302   1.983
 1303   1.988
 1304   1.953
 1305   2.077
 1306   2.078
 1307   2.029
 1308   2.155
 1309   2.139
 1310   2.139
 1311   2.166
 1312   2.034
 1313   2.012
 1314   2.018
 1315   1.971
 1316   1.977
 1317   2.014
 1318   1.993
 1319   1.949
 1320   1.935
 1321   1.897
 1322   1.891
 1323   1.937
 1324   2.066
 1325   2.077
 1326   2.134
 1327   2.101
 1328   2.112
 1329   2.093
 1330   2.069
 1331   2.018
 1332   2.056
 1333   2.023
 1334   2.004
 1335   1.980
 1336   2.011
 1337   2.108
 1338   2.119
 1339   2.062
 1340   1.979
 1341   1.946
 1342   2.034
 1343   2.077
 1344   2.078
 1345   2.006
 1346   2.017
 1347   2.098
 1348   2.077
 1349   2.110
 1350   2.052
 1351   2.055
 1352   2.044
 1353   2.023
 1354   1.995
 1355   1.910
 1356   1.945
 1357   1.951
 1358   1.927
 1359   1.915
 1360   1.898
 1361   1.929
 1362   1.959
 1363   1.977
 1364   1.875
 1365   1.934
 1366   1.939
 1367   1.982
 1368   1.946
 1369   1.945
 1370   1.955
 1371   1.875
 1372   1.959
 1373   1.936
 1374   1.917
 1375   1.886
 1376   1.842
 1377   1.808
 1378   1.928
 1379   1.983
 1380   1.919
 1381   1.927
 1382   1.905
 1383   1.923
 1384   1.897
 1385   1.863
 1386   1.907
 1387   1.924
 1388   1.927
 1389   1.923
 1390   1.945
 1391   1.908
 1392   1.939
 1393   1.947
 1394   1.924
 1395   1.922
 1396   1.920
 1397   1.854
 1398   1.927
 1399   1.971
 1400   2.009
 1401   2.000
 1402   1.984
 1403   1.977
 1404   1.969
 1405   1.989
 1406   2.034
 1407   1.983
 1408   1.953
 1409   1.964
 1410   1.970
 1411   1.884
 1412   1.877
 1413   1.904
 1414   1.943
 1415   1.956
 1416   1.925
 1417   1.966
 1418   1.935
 1419   2.008
 1420   1.900
 1421   1.949
 1422   1.924
 1423   1.982
 1424   1.953
 1425   1.966
 1426   1.917
 1427   1.979
 1428   1.993
 1429   1.977
 1430   1.959
 1431   1.992
 1432   1.951
 1433   1.998
 1434   2.002
 1435   1.861
 1436   1.948
 1437   1.961
 1438   1.994
 1439   1.984
 1440   1.911
 1441   1.952
 1442   1.904
 1443   1.988
 1444   1.949
 1445   1.879
 1446   1.906
 1447   1.942
 1448   1.981
 1449   1.974
 1450   2.051
 1451   1.936
 1452   2.000
 1453   1.978
 1454   1.980
 1455   1.966
 1456   1.941
 1457   1.959
 1458   1.958
 1459   2.023
 1460   1.988
 1461   1.986
 1462   2.031
 1463   2.097
 1464   2.040
 1465   1.967
 1466   1.958
 1467   2.087
 1468   2.090
 1469   2.015
 1470   2.030
 1471   1.987
 1472   2.021
 1473   2.148
 1474   2.130
 1475   2.040
 1476   1.996
 1477   1.996
 1478   2.096
 1479   2.116
 1480   2.087
 1481   2.114
 1482   2.034
 1483   2.101
 1484   2.082
 1485   2.084
 1486   2.076
 1487   2.062
 1488   2.059
 1489   2.103
 1490   2.041
 1491   2.033
 1492   2.048
 1493   2.085
 1494   2.096
 1495   2.027
 1496   2.075
 1497   2.087
 1498   2.011
 1499   2.004
 1500   2.091
 1501   2.128
 1502   2.084
 1503   2.130
 1504   2.073
 1505   2.069
 1506   2.055
 1507   1.985
 1508   2.002
 1509   2.056
 1510   2.045
 1511   1.993
 1512   2.041
 1513   2.072
 1514   2.018
 1515   2.061
 1516   1.997
 1517   2.069
 1518   1.962
 1519   1.929
 1520   2.001
 1521   1.993
 1522   2.024
 1523   2.092
 1524   2.099
 1525   2.041
 1526   2.044
 1527   2.047
 1528   1.979
 1529   2.052
 1530   1.961
 1531   2.003
 1532   1.971
 1533   2.032
 1534   2.021
 1535   2.051
 1536   2.003
 1537   1.929
 1538   1.880
 1539   1.965
 1540   1.980
 1541   1.895
 1542   1.931
 1543   2.036
 1544   2.009
 1545   2.029
 1546   1.970
 1547   2.069
 1548   2.059
 1549   1.996
 1550   2.020
 1551   2.024
 1552   2.031
 1553   2.005
 1554   1.944
 1555   1.949
 1556   1.967
 1557   2.057
 1558   1.913
 1559   1.942
 1560   1.993
 1561   1.941
 1562   1.954
 1563   1.933
 1564   1.982
 1565   2.033
 1566   2.070
 1567   2.149
 1568   2.094
 1569   2.120
 1570   2.062
 1571   2.025
 1572   2.000
 1573   1.999
 1574   2.026
 1575   1.992
 1576   2.062
 1577   2.089
 1578   2.015
 1579   2.016
 1580   2.050
 1581   2.053
 1582   2.073
 1583   2.017
 1584   1.985
 1585   2.001
 1586   2.041
 1587   2.087
 1588   2.041
 1589   1.997
 1590   1.966
 1591   1.980
 1592   1.968
 1593   1.939
 1594   1.993
 1595   1.954
 1596   1.974
 1597   1.984
 1598   1.912
 1599   1.945
 1600   1.954
 1601   1.942
 1602   1.938
 1603   1.907
 1604   1.919
 1605   1.883
 1606   1.961
 1607   1.915
 1608   1.904
 1609   1.869
 1610   1.884
 1611   1.830
 1612   1.888
 1613   1.870
 1614   1.894
 1615   1.899
 1616   1.950
 1617   1.933
 1618   1.967
 1619   1.954
 1620   1.956
 1621   2.024
 1622   2.084
 1623   2.103
 1624   1.977
 1625   1.952
 1626   1.848
 1627   1.908
 1628   1.926
 1629   1.945
 1630   1.936
 1631   1.961
 1632   1.959
 1633   1.948
 1634   2.037
 1635   2.015
 1636   1.995
 1637   2.027
 1638   1.918
 1639   1.932
 1640   1.922
 1641   1.925
 1642   1.844
 1643   1.883
 1644   1.970
 1645   1.913
 1646   1.917
 1647   1.972
 1648   1.924
 1649   1.891
 1650   1.967
 1651   2.007
 1652   2.010
 1653   2.015
 1654   2.034
 1655   1.996
 1656   1.958
 1657   1.953
 1658   1.947
 1659   1.914
 1660   1.947
 1661   1.961
 1662   1.887
 1663   1.985
 1664   1.984
 1665   1.999
 1666   1.956
 1667   1.964
 1668   1.995
 1669   1.987
 1670   2.018
 1671   1.894
 1672   1.979
 1673   1.955
 1674   1.916
 1675   2.016
 1676   1.966
 1677   2.016
 1678   2.005
 1679   2.003
 1680   1.930
 1681   1.966
 1682   1.959
 1683   1.973
 1684   1.896
 1685   1.893
 1686   1.854
 1687   1.924
 1688   1.974
 1689   2.002
 1690   2.016
 1691   2.037
 1692   2.006
 1693   2.075
 1694   2.063
 1695   1.895
 1696   1.978
 1697   1.962
 1698   1.938
 1699   1.964
 1700   1.935
 1701   1.973
 1702   1.949
 1703   1.988
 1704   1.969
 1705   1.961
 1706   1.931
 1707   2.022
 1708   2.018
 1709   2.019
 1710   1.932
 1711   2.055
 1712   2.000
 1713   1.987
 1714   1.978
 1715   2.001
 1716   2.046
 1717   1.984
 1718   1.967
 1719   1.966
 1720   1.966
 1721   1.944
 1722   2.078
 1723   2.069
 1724   2.064
 1725   2.000
 1726   2.002
 1727   2.027
 1728   2.013
 1729   2.046
 1730   2.047
 1731   2.023
 1732   2.082
 1733   2.014
 1734   2.039
 1735   1.968
 1736   1.998
 1737   1.991
 1738   2.037
 1739   1.997
 1740   1.983
 1741   2.003
 1742   2.080
 1743   2.072
 1744   2.108
 1745   1.977
 1746   2.071
 1747   2.057
 1748   2.044
 1749   1.903
 1750   1.895
 1751   1.965
 1752   2.008
 1753   2.020
 1754   2.064
 1755   2.098
 1756   2.091
 1757   2.071
 1758   2.088
 1759   2.163
 1760   2.197
 1761   2.116
 1762   2.108
 1763   2.118
 1764   2.122
 1765   2.169
 1766   2.188
 1767   2.119
 1768   2.141
 1769   2.094
 1770   2.101
 1771   2.123
 1772   2.111
 1773   2.158
 1774   2.133
 1775   2.137
 1776   2.158
 1777   2.119
 1778   2.073
 1779   2.065
 1780   1.968
 1781   2.046
 1782   1.999
 1783   1.998
 1784   1.983
 1785   2.000
 1786   2.027
 1787   1.941
 1788   1.944
 1789   1.913
 1790   1.920
 1791   1.958
 1792   2.062
 1793   2.121
 1794   2.190
 1795   2.112
 1796   2.031
 1797   2.109
 1798   2.113
 1799   2.087
 1800   2.148
 1801   2.000
 1802   2.004
 1803   2.030
 1804   2.080
 1805   2.076
 1806   2.130
 1807   2.127
 1808   2.092
 1809   2.101
 1810   2.034
 1811   2.029
 1812   2.002
 1813   2.026
 1814   2.004
 1815   2.050
 1816   2.089
 1817   2.085
 1818   2.047
 1819   2.025
 1820   2.082
 1821   2.052
 1822   2.166
 1823   2.094
 1824   2.100
 1825   2.090
 1826   2.051
 1827   2.132
 1828   2.104
 1829   2.107
 1830   2.114
 1831   2.025
 1832   2.031
 1833   2.100
 1834   2.110
 1835   2.046
 1836   2.030
 1837   1.963
 1838   2.029
 1839   2.079
 1840   2.061
 1841   2.089
 1842   2.138
 1843   2.062
 1844   2.064
 1845   2.052
 1846   2.067
 1847   1.991
 1848   1.941
 1849   1.881
 1850   1.863
 1851   1.910
 1852   1.898
 1853   1.946
 1854   1.873
 1855   1.983
 1856   2.012
 1857   2.008
 1858   2.004
 1859   2.019
 1860   2.028
 1861   1.975
 1862   1.999
 1863   2.005
 1864   2.005
 1865   2.002
 1866   2.035
 1867   2.080
 1868   2.041
 1869   2.079
 1870   2.023
 1871   2.061
 1872   2.142
 1873   2.003
 1874   2.014
 1875   2.077
 1876   1.973
 1877   1.971
 1878   1.943
 1879   2.020
 1880   2.026
 1881   2.001
 1882   2.089
 1883   2.116
 1884   2.012
 1885   2.025
 1886   2.037
 1887   2.037
 1888   2.091
 1889   2.010
 1890   2.084
 1891   2.140
 1892   2.068
 1893   2.061
 1894   2.111
 1895   2.111
 1896   2.177
 1897   2.135
 1898   2.234
 1899   2.134
 1900   2.159
 1901   2.151
 1902   2.117
 1903   2.132
 1904   2.085
 1905   2.150
 1906   2.105
 1907   2.130
 1908   2.091
 1909   2.133
 1910   2.160
 1911   2.103
 1912   2.131
 1913   2.133
 1914   2.055
 1915   2.159
 1916   2.096
 1917   2.177
 1918   2.156
 1919   2.149
 1920   2.127
 1921   2.064
 1922   1.965
 1923   2.034
 1924   2.065
 1925   2.079
 1926   2.083
 1927   2.084
 1928   2.142
 1929   2.213
 1930   2.155
 1931   2.070
 1932   2.117
 1933   2.098
 1934   2.202
 1935   2.209
 1936   2.150
 1937   2.196
 1938   2.206
 1939   2.140
 1940   2.131
 1941   2.118
 1942   2.074
 1943   2.082
 1944   2.067
 1945   2.106
 1946   2.100
 1947   2.116
 1948   1.985
 1949   2.014
 1950   2.050
 1951   2.075
 1952   2.079
 1953   1.985
 1954   2.061
 1955   2.021
 1956   2.066
 1957   2.043
 1958   2.140
 1959   2.118
 1960   2.137
 1961   2.071
 1962   2.058
 1963   2.149
 1964   2.142
 1965   2.026
 1966   2.087
 1967   2.077
 1968   2.155
 1969   2.153
 1970   2.036
 1971   2.099
 1972   1.993
 1973   2.003
 1974   2.019
 1975   1.971
 1976   1.973
 1977   2.006
 1978   2.093
 1979   2.117
 1980   2.066
 1981   1.953
 1982   1.963
 1983   2.030
 1984   2.027
 1985   2.003
 1986   2.055
 1987   2.027
 1988   2.046
 1989   2.008
 1990   2.066
 1991   2.028
 1992   2.059
 1993   1.965
 1994   1.997
 1995   1.982
 1996   1.984
 1997   1.984
 1998   1.878
 1999   1.937
 2000   1.975
 2001   1.906
 2002   1.912
 2003   1.994
 2004   1.998
 2005   2.059
 2006   2.047
 2007   2.029
 2008   1.928
 2009   2.009
 2010   2.077
 2011   2.064
 2012   2.070
 2013   2.140
 2014   2.133
 2015   2.212
 2016   2.191
 2017   2.139
 2018   2.099
 2019   2.095
 2020   2.098
 2021   2.135
 2022   2.073
 2023   2.059
 2024   2.189
 2025   2.097
 2026   2.097
 2027   2.013
 2028   2.097
 2029   2.068
 2030   2.034
 2031   1.985
 2032   1.917
 2033   2.026
 2034   1.986
 2035   2.025
 2036   2.056
 2037   1.992
 2038   2.051
 2039   2.036
 2040   2.069
 2041   2.140
 2042   2.185
 2043   2.224
 2044   2.074
 2045   2.071
 2046   2.082
 2047   2.107
 2048   2.023
 2049   1.964
 2050   2.046
 2051   2.038
 2052   1.962
 2053   1.954
 2054   2.047
 2055   1.980
 2056   1.954
 2057   1.862
 2058   1.848
 2059   1.937
 2060   1.938
 2061   1.904
 2062   1.873
 2063   1.976
 2064   1.914
 2065   1.998
 2066   1.924
 2067   1.888
 2068   1.971
 2069   1.881
 2070   1.934
 2071   1.979
 2072   2.024
 2073   1.977
 2074   1.962
 2075   1.938
 2076   1.966
 2077   2.002
 2078   2.026
 2079   1.986
 2080   2.089
 2081   2.065
 2082   2.155
 2083   2.086
 2084   2.056
 2085   2.079
 2086   1.953
 2087   1.996
 2088   2.037
 2089   1.995
 2090   2.136
 2091   2.117
 2092   2.141
 2093   2.134
 2094   2.139
 2095   2.098
 2096   2.186
 2097   2.108
 2098   2.128
 2099   2.160
 2100   2.203
 2101   2.137
 2102   2.094
 2103   2.150
 2104   2.181
 2105   2.110
 2106   2.124
 2107   2.162
 2108   2.132
 2109   2.253
 2110   2.207
 2111   2.175
 2112   2.145
 2113   2.069
 2114   2.106
 2115   2.117
 2116   2.207
 2117   2.207
 2118   2.223
 2119   2.229
 2120   2.230
 2121   2.170
 2122   2.160
 2123   2.182
 2124   2.126
 2125   2.146
 2126   2.079
 2127   2.083
 2128   2.051
 2129   2.076
 2130   2.171
 2131   2.146
 2132   2.108
 2133   2.050
 2134   2.007
 2135   2.041
 2136   2.094
 2137   2.008
 2138   1.975
 2139   1.975
 2140   1.886
 2141   1.972
 2142   2.038
 2143   2.013
 2144   2.020
 2145   2.029
 2146   1.949
 2147   1.958
 2148   2.016
 2149   2.081
 2150   2.117
 2151   2.062
 2152   2.019
 2153   2.015
 2154   2.009
 2155   1.953
 2156   1.928
 2157   2.007
 2158   1.971
 2159   1.950
 2160   1.897
 2161   1.886
 2162   1.951
 2163   1.969
 2164   2.034
 2165   1.958
 2166   1.876
 2167   1.859
 2168   1.943
 2169   1.949
 2170   1.981
 2171   1.991
 2172   1.980
 2173   1.986
 2174   1.958
 2175   1.951
 2176   2.010
 2177   2.033
 2178   1.968
 2179   2.073
 2180   2.103
 2181   2.123
 2182   2.092
 2183   2.042
 2184   2.073
 2185   2.075
 2186   2.033
 2187   2.097
 2188   2.088
 2189   2.129
 2190   2.011
 2191   2.038
 2192   2.088
 2193   1.999
 2194   2.088
 2195   2.144
 2196   2.096
 2197   2.074
 2198   2.157
 2199   2.069
 2200   2.129
 2201   2.072
 2202   2.051
 2203   2.065
 2204   2.006
 2205   2.000
 2206   1.996
 2207   2.053
 2208   2.018
 2209   2.035
 2210   2.048
 2211   2.090
 2212   2.123
 2213   2.125
 2214   2.146
 2215   2.005
 2216   2.032
 2217   2.047
 2218   2.096
 2219   2.044
 2220   2.059
 2221   2.053
 2222   1.975
 2223   1.966
 2224   1.940
 2225   1.873
 2226   1.889
 2227   1.924
 2228   1.969
 2229   1.931
 2230   1.891
 2231   1.917
 2232   1.906
 2233   1.953
 2234   1.955
 2235   1.941
 2236   1.972
 2237   2.000
 2238   2.032
 2239   2.024
 2240   1.969
 2241   1.894
 2242   1.957
 2243   1.960
 2244   2.041
 2245   1.948
 2246   1.985
 2247   1.965
 2248   1.956
 2249   1.926
 2250   1.999
 2251   1.958
 2252   1.988
 2253   2.064
 2254   1.960
 2255   1.976
 2256   2.126
 2257   2.113
 2258   2.072
 2259   2.023
 2260   2.002
 2261   2.007
 2262   2.010
 2263   2.088
 2264   2.113
 2265   2.079
 2266   2.201
 2267   2.132
 2268   2.146
 2269   2.054
 2270   2.089
 2271   2.144
 2272   2.137
 2273   2.081
 2274   2.060
 2275   2.050
 2276   2.007
 2277   2.058
 2278   2.031
 2279   2.052
 2280   2.013
 2281   2.015
 2282   2.006
 2283   1.982
 2284   2.078
 2285   1.980
 2286   2.026
 2287   1.974
 2288   2.038
 2289   2.053
 2290   2.004
 2291   2.117
 2292   2.068
 2293   2.058
 2294   2.033
 2295   2.020
 2296   2.024
 2297   2.003
 2298   2.085
 2299   2.043
 2300   2.044
 2301   2.098
 2302   2.033
 2303   2.034
 2304   2.076
 2305   2.005
 2306   2.047
 2307   1.965
 2308   2.027
 2309   2.037
 2310   1.985
 2311   2.002
 2312   1.986
 2313   2.083
 2314   2.162
 2315   2.074
 2316   2.092
 2317   2.109
 2318   2.071
 2319   2.086
 2320   2.105
 2321   2.112
 2322   2.134
 2323   2.047
 2324   2.037
 2325   2.103
 2326   2.056
 2327   2.048
 2328   2.070
 2329   2.067
 2330   2.054
 2331   2.042
 2332   2.108
 2333   2.137
 2334   2.105
 2335   2.160
 2336   2.094
 2337   2.111
 2338   2.124
 2339   2.055
 2340   2.203
 2341   2.111
 2342   2.077
 2343   2.156
 2344   2.253
 2345   2.163
 2346   2.113
 2347   2.130
 2348   2.180
 2349   2.101
 2350   2.215
 2351   2.249
 2352   2.112
 2353   2.151
 2354   2.160
 2355   2.127
 2356   2.112
 2357   2.146
 2358   2.203
 2359   2.172
 2360   2.156
 2361   2.129
 2362   2.130
 2363   2.131
 2364   2.141
 2365   2.096
 2366   2.169
 2367   2.081
 2368   2.084
 2369   2.038
 2370   1.980
 2371   2.031
 2372   2.070
 2373   2.170
 2374   2.075
 2375   2.053
 2376   2.103
 2377   2.062
 2378   1.981
 2379   2.028
 2380   2.006
 2381   2.086
 2382   2.028
 2383   2.072
 2384   2.095
 2385   2.089
 2386   2.090
 2387   2.092
 2388   2.068
 2389   2.095
 2390   2.024
 2391   2.040
 2392   2.014
 2393   2.054
 2394   2.119
 2395   2.224
 2396   2.152
 2397   2.158
 2398   2.079
 2399   2.017
 2400   2.075
 2401   2.133
 2402   2.071
 2403   2.069
 2404   2.072
 2405   2.020
 2406   2.102
 2407   2.117
 2408   2.077
 2409   2.049
 2410   2.000
 2411   2.020
 2412   2.064
 2413   2.182
 2414   2.150
 2415   2.117
 2416   2.175
 2417   2.139
 2418   2.092
 2419   2.095
 2420   2.064
 2421   2.121
 2422   2.099
 2423   2.072
 2424   2.004
 2425   2.038
 2426   1.970
 2427   2.116
 2428   1.982
 2429   2.019
 2430   2.120
 2431   2.184
 2432   2.121
 2433   2.113
 2434   2.052
 2435   2.059
 2436   2.058
 2437   2.053
 2438   2.043
 2439   2.007
 2440   2.016
 2441   2.021
 2442   2.037
 2443   2.000
 2444   2.076
 2445   2.070
 2446   1.975
 2447   1.937
 2448   1.996
 2449   2.092
 2450   2.096
 2451   2.124
 2452   2.067
 2453   2.126
 2454   2.019
 2455   2.035
 2456   2.064
 2457   2.118
 2458   2.180
 2459   2.116
 2460   2.143
 2461   2.165
 2462   2.103
 2463   1.976
 2464   2.003
 2465   2.059
 2466   2.059
 2467   2.025
 2468   1.919
 2469   1.944
 2470   1.974
 2471   1.997
 2472   2.082
 2473   2.060
 2474   2.018
 2475   2.004
 2476   1.966
 2477   1.985
 2478   1.974
 2479   2.116
 2480   2.121
 2481   2.110
 2482   2.034
 2483   2.051
 2484   2.032
 2485   1.951
 2486   2.014
 2487   1.923
 2488   1.931
 2489   1.960
 2490   1.971
 2491   2.089
 2492   2.026
 2493   1.947
 2494   2.011
 2495   1.957
 2496   1.983
 2497   1.996
 2498   2.010
 2499   2.012
 2500   1.998
 2501   2.091
 2502   2.088
 2503   2.111
 2504   2.063
 2505   2.046
 2506   2.066
 2507   2.010
 2508   2.109
 2509   2.066
 2510   2.082
 2511   2.038
 2512   2.022
 2513   2.038
 2514   1.965
 2515   2.035
 2516   2.002
 2517   1.976
 2518   2.003
 2519   1.982
 2520   1.947
 2521   2.034
 2522   2.082
 2523   2.027
 2524   2.080
 2525   2.096
 2526   2.162
 2527   2.191
 2528   2.176
 2529   2.115
 2530   2.121
 2531   2.200
 2532   2.218
 2533   2.154
 2534   2.123
 2535   2.249
 2536   2.212
 2537   2.218
 2538   2.172
 2539   2.101
 2540   2.136
 2541   2.166
 2542   2.186
 2543   2.167
 2544   2.130
 2545   2.155
 2546   2.213
 2547   2.135
 2548   2.051
 2549   2.121
 2550   2.131
 2551   2.133
 2552   2.052
 2553   2.099
 2554   2.126
 2555   2.229
 2556   2.180
 2557   2.083
 2558   2.080
 2559   2.010
 2560   1.985
 2561   2.030
 2562   2.002
 2563   2.050
 2564   2.083
 2565   2.134
 2566   2.104
 2567   2.103
 2568   2.107
 2569   2.155
 2570   2.071
 2571   2.122
 2572   2.122
 2573   1.966
 2574   1.951
 2575   2.007
 2576   2.076
 2577   2.031
 2578   2.077
 2579   2.062
 2580   1.947
 2581   2.010
 2582   1.979
 2583   2.001
 2584   1.970
 2585   1.993
 2586   1.911
 2587   1.960
 2588   1.974
 2589   2.017
 2590   1.988
 2591   1.996
 2592   2.109
 2593   2.183
 2594   2.204
 2595   2.100
 2596   2.216
 2597   2.133
 2598   2.122
 2599   2.075
 2600   2.091
 2601   2.153
 2602   2.014
 2603   2.118
 2604   2.128
 2605   2.029
 2606   1.995
 2607   2.040
 2608   2.076
 2609   2.018
 2610   2.092
 2611   2.026
 2612   2.063
 2613   2.157
 2614   2.095
 2615   2.142
 2616   2.009
 2617   2.061
 2618   1.998
 2619   2.033
 2620   2.101
 2621   2.134
 2622   2.038
 2623   2.031
 2624   2.021
 2625   2.033
 2626   2.048
 2627   2.031
 2628   2.006
 2629   1.990
 2630   2.033
 2631   2.091
 2632   2.047
 2633   2.060
 2634   2.104
 2635   2.108
 2636   2.043
 2637   2.000
 2638   1.985
 2639   2.054
 2640   2.129
 2641   2.106
 2642   2.124
 2643   2.082
 2644   2.058
 2645   1.987
 2646   2.077
 2647   2.051
 2648   1.977
 2649   1.989
 2650   2.020
 2651   2.034
 2652   2.060
 2653   2.055
 2654   2.125
 2655   2.130
 2656   2.066
 2657   2.004
 2658   2.063
 2659   1.996
 2660   2.138
 2661   2.080
 2662   2.034
 2663   2.125
 2664   2.124
 2665   2.150
 2666   2.081
 2667   2.074
 2668   2.007
 2669   2.071
 2670   2.089
 2671   2.053
 2672   2.097
 2673   2.079
 2674   2.122
 2675   2.073
 2676   2.082
 2677   2.009
 2678   2.076
 2679   2.000
 2680   2.041
 2681   2.036
 2682   2.066
 2683   2.026
 2684   2.054
 2685   2.080
 2686   2.069
 2687   2.024
 2688   2.074
 2689   2.072
 2690   2.001
 2691   1.992
 2692   2.102
 2693   2.056
 2694   2.021
 2695   2.156
 2696   2.114
 2697   2.088
 2698   2.077
 2699   2.124
 2700   2.149
 2701   2.039
 2702   2.106
 2703   2.115
 2704   2.192
 2705   2.166
 2706   2.123
 2707   2.134
 2708   2.019
 2709   2.074
 2710   2.174
 2711   2.201
 2712   2.096
 2713   2.100
 2714   2.125
 2715   2.012
 2716   2.018
 2717   2.084
 2718   2.059
 2719   2.084
 2720   1.992
 2721   2.041
 2722   1.959
 2723   2.112
 2724   2.063
 2725   2.060
 2726   1.951
 2727   1.956
 2728   1.929
 2729   2.015
 2730   1.994
 2731   1.960
 2732   1.948
 2733   1.990
 2734   2.052
 2735   2.073
 2736   2.108
 2737   2.070
 2738   2.061
 2739   2.090
 2740   2.104
 2741   2.147
 2742   2.087
 2743   2.035
 2744   2.110
 2745   2.157
 2746   2.126
 2747   2.041
 2748   2.065
 2749   2.081
 2750   2.012
 2751   2.030
 2752   2.019
 2753   1.985
 2754   1.993
 2755   2.069
 2756   2.074
 2757   2.100
 2758   2.098
 2759   2.063
 2760   2.077
 2761   2.034
 2762   2.058
 2763   2.060
 2764   2.060
 2765   2.128
 2766   2.156
 2767   2.171
 2768   2.146
 2769   2.035
 2770   2.061
 2771   2.074
 2772   2.145
 2773   2.072
 2774   2.111
 2775   2.156
 2776   2.076
 2777   2.089
 2778   2.042
 2779   2.066
 2780   2.039
 2781   2.045
 2782   2.045
 2783   2.050
 2784   2.086
 2785   2.047
 2786   2.101
 2787   2.023
 2788   2.036
 2789   2.039
 2790   2.067
 2791   2.007
 2792   2.109
 2793   2.080
 2794   2.156
 2795   2.066
 2796   2.095
 2797   2.106
 2798   2.138
 2799   2.048
 2800   2.097
 2801   2.056
 2802   2.043
 2803   2.006
 2804   2.061
 2805   2.038
 2806   2.061
 2807   2.078
 2808   2.006
 2809   2.096
 2810   2.040
 2811   2.146
 2812   2.095
 2813   2.023
 2814   2.126
 2815   2.100
 2816   2.131
 2817   2.258
 2818   2.128
 2819   2.126
 2820   2.022
 2821   2.070
 2822   2.158
 2823   2.134
 2824   2.069
 2825   2.096
 2826   2.098
 2827   2.182
 2828   2.086
 2829   2.141
 2830   2.113
 2831   2.092
 2832   2.036
 2833   2.112
 2834   2.094
 2835   2.124
 2836   2.104
 2837   2.101
 2838   2.113
 2839   2.128
 2840   2.108
 2841   2.134
 2842   2.246
 2843   2.189
 2844   2.217
 2845   2.234
 2846   2.310
 2847   2.183
 2848   2.287
 2849   2.300
 2850   2.256
 2851   2.182
 2852   2.197
 2853   2.127
 2854   2.178
 2855   2.132
 2856   2.138
 2857   2.067
 2858   2.138
 2859   2.113
 2860   1.983
 2861   2.024
 2862   2.059
 2863   2.070
 2864   2.070
 2865   2.035
 2866   2.038
 2867   2.062
 2868   2.073
 2869   2.072
 2870   2.101
 2871   2.086
 2872   2.080
 2873   2.049
 2874   2.033
 2875   2.041
 2876   2.019
 2877   2.005
 2878   2.050
 2879   2.080
 2880   2.095
 2881   2.117
 2882   2.098
 2883   2.039
 2884   1.990
 2885   2.065
 2886   2.053
 2887   1.979
 2888   2.004
 2889   1.983
 2890   1.955
 2891   2.019
 2892   2.049
 2893   2.017
 2894   1.997
 2895   2.005
 2896   1.986
 2897   2.033
 2898   2.027
 2899   1.933
 2900   1.968
 2901   2.012
 2902   2.014
 2903   2.037
 2904   2.068
 2905   2.100
 2906   2.088
 2907   2.046
 2908   2.108
 2909   2.030
 2910   2.054
 2911   2.073
 2912   2.018
 2913   2.068
 2914   2.060
 2915   2.130
 2916   2.131
 2917   2.145
 2918   2.129
 2919   2.112
 2920   2.056
 2921   2.105
 2922   2.119
 2923   2.164
 2924   2.261
 2925   2.199
 2926   2.145
 2927   2.127
 2928   2.097
 2929   2.034
 2930   2.032
 2931   2.042
 2932   2.086
 2933   2.061
 2934   2.025
 2935   2.049
 2936   2.146
 2937   2.072
 2938   2.107
 2939   2.078
 2940   2.071
 2941   2.060
 2942   2.056
 2943   2.071
 2944   2.058
 2945   2.032
 2946   2.086
 2947   2.080
 2948   2.033
 2949   2.064
 2950   2.064
 2951   2.049
 2952   2.022
 2953   2.096
 2954   2.061
 2955   2.033
 2956   1.980
 2957   1.996
 2958   2.060
 2959   2.088
 2960   2.174
 2961   2.116
 2962   2.140
 2963   2.134
 2964   2.146
 2965   2.091
 2966   2.052
 2967   2.103
 2968   2.094
 2969   2.030
 2970   2.050
 2971   2.044
 2972   1.951
 2973   1.975
 2974   2.020
 2975   2.005
 2976   2.004
 2977   1.964
 2978   1.966
 2979   2.041
 2980   2.088
 2981   2.059
 2982   2.076
 2983   2.117
 2984   2.166
 2985   2.070
 2986   2.119
 2987   2.151
 2988   2.105
 2989   2.033
 2990   2.024
 2991   1.981
 2992   1.984
 2993   2.049
 2994   2.031
 2995   1.975
 2996   1.990
 2997   1.970
 2998   1.979
 2999   1.925
 3000   1.926
 3001   2.052
 3002   2.012
 3003   2.057
 3004   2.105
 3005   2.040
 3006   2.105
 3007   2.179
 3008   2.090
 3009   2.047
 3010   2.046
 3011   2.055
 3012   2.067
 3013   2.117
 3014   2.129
 3015   2.135
 3016   2.144
 3017   2.101
 3018   2.014
 3019   1.986
 3020   2.018
 3021   1.899
 3022   1.944
 3023   1.977
 3024   2.043
 3025   2.063
 3026   1.996
 3027   2.045
 3028   2.017
 3029   1.984
 3030   2.012
 3031   1.975
 3032   1.947
 3033   1.932
 3034   1.900
 3035   1.852
 3036   1.894
 3037   1.830
 3038   1.889
 3039   1.887
 3040   1.979
 3041   1.989
 3042   1.992
 3043   1.958
 3044   1.968
 3045   1.995
 3046   1.978
 3047   2.025
 3048   1.828
 3049   1.974
 3050   2.018
 3051   2.002
 3052   1.982
 3053   1.905
 3054   1.924
 3055   1.901
 3056   2.000
 3057   1.963
 3058   2.033
 3059   2.053
 3060   1.997
 3061   2.041
 3062   2.064
 3063   2.010
 3064   2.052
 3065   2.111
 3066   2.087
 3067   2.022
 3068   1.960
 3069   2.010
 3070   1.980
 3071   1.984
 3072   1.994
 3073   2.018
 3074   2.003
 3075   1.990
 3076   1.994
 3077   1.989
 3078   1.983
 3079   1.987
 3080   1.938
 3081   2.040
 3082   1.996
 3083   2.027
 3084   1.983
 3085   2.016
 3086   1.963
 3087   1.990
 3088   1.951
 3089   1.982
 3090   1.949
 3091   2.007
 3092   2.002
 3093   2.052
 3094   2.058
 3095   2.060
 3096   2.034
 3097   2.062
 3098   2.067
 3099   2.023
 3100   1.969
 3101   2.042
 3102   2.078
 3103   1.948
 3104   1.981
 3105   2.071
 3106   2.058
 3107   2.089
 3108   2.031
 3109   2.079
 3110   2.064
 3111   2.091
 3112   2.020
 3113   2.109
 3114   2.113
 3115   2.045
 3116   2.013
 3117   2.061
 3118   2.097
 3119   2.092
 3120   2.011
 3121   1.997
 3122   2.030
 3123   2.153
 3124   2.086
 3125   2.075
 3126   2.060
 3127   2.080
 3128   2.140
 3129   2.081
 3130   2.056
 3131   2.145
 3132   2.121
 3133   2.093
 3134   2.077
 3135   2.138
 3136   2.168
 3137   2.089
 3138   2.034
 3139   2.123
 3140   2.184
 3141   2.172
 3142   2.106
 3143   2.123
 3144   2.118
 3145   2.194
 3146   2.061
 3147   2.060
 3148   2.111
 3149   2.168
 3150   2.119
 3151   2.175
 3152   2.130
 3153   2.117
 3154   2.105
 3155   2.059
 3156   2.068
 3157   2.091
 3158   2.081
 3159   2.091
 3160   2.022
 3161   1.927
 3162   1.953
 3163   1.985
 3164   1.991
 3165   2.007
 3166   2.028
 3167   2.036
 3168   2.063
 3169   2.084
 3170   2.017
 3171   2.011
 3172   2.036
 3173   2.082
 3174   2.014
 3175   1.993
 3176   1.946
 3177   1.959
 3178   1.978
 3179   2.020
 3180   2.048
 3181   1.985
 3182   2.017
 3183   2.090
 3184   2.039
 3185   2.034
 3186   2.084
 3187   2.017
 3188   2.065
 3189   2.075
 3190   2.048
 3191   1.988
 3192   1.951
 3193   2.038
 3194   2.012
 3195   2.095
 3196   2.027
 3197   2.022
 3198   1.994
 3199   1.973
 3200   2.012
 3201   1.979
 3202   2.037
 3203   2.051
 3204   2.030
 3205   2.050
 3206   2.006
 3207   2.037
 3208   1.991
 3209   1.968
 3210   2.001
 3211   2.030
 3212   1.943
 3213   1.988
 3214   2.005
 3215   2.038
 3216   1.968
 3217   2.075
 3218   2.035
 3219   2.004
 3220   1.987
 3221   2.046
 3222   2.062
 3223   2.075
 3224   2.142
 3225   2.149
 3226   2.089
 3227   2.061
 3228   2.100
 3229   2.150
 3230   2.090
 3231   2.070
 3232   2.081
 3233   2.034
 3234   2.021
 3235   2.030
 3236   2.069
 3237   2.055
 3238   2.065
 3239   2.031
 3240   2.037
 3241   2.080
 3242   2.027
 3243   2.096
 3244   2.064
 3245   2.043
 3246   2.083
 3247   2.105
 3248   2.085
 3249   2.147
 3250   2.119
 3251   2.137
 3252   2.154
 3253   2.059
 3254   2.108
 3255   2.137
 3256   2.151
 3257   2.151
 3258   2.121
 3259   2.158
 3260   2.128
 3261   2.181
 3262   2.203
 3263   2.248
 3264   2.269
 3265   2.234
 3266   2.245
 3267   2.167
 3268   2.089
 3269   2.105
 3270   2.137
 3271   2.137
 3272   2.112
 3273   2.130
 3274   2.120
 3275   2.086
 3276   2.058
 3277   2.128
 3278   2.041
 3279   2.003
 3280   2.102
 3281   2.126
 3282   2.108
 3283   2.116
 3284   2.092
 3285   2.081
 3286   2.062
 3287   2.043
 3288   2.083
 3289   2.156
 3290   2.143
 3291   2.177
 3292   2.107
 3293   2.073
 3294   2.088
 3295   2.186
 3296   2.172
 3297   2.135
 3298   2.084
 3299   2.130
 3300   2.079
 3301   2.086
 3302   2.041
 3303   2.067
 3304   2.130
 3305   2.132
 3306   2.077
 3307   2.041
 3308   1.977
 3309   2.018
 3310   2.078
 3311   2.035
 3312   2.062
 3313   2.014
 3314   1.994
 3315   1.949
 3316   2.003
 3317   1.990
 3318   2.000
 3319   2.098
 3320   2.003
 3321   2.050
 3322   2.067
 3323   2.036
 3324   2.037
 3325   2.075
 3326   2.056
 3327   2.030
 3328   2.092
 3329   2.071
 3330   2.051
 3331   2.095
 3332   2.059
 3333   2.152
 3334   2.151
 3335   2.164
 3336   2.126
 3337   2.184
 3338   2.194
 3339   2.135
 3340   2.138
 3341   2.076
 3342   2.203
 3343   2.152
 3344   2.112
 3345   2.225
 3346   2.096
 3347   2.146
 3348   1.990
 3349   2.018
 3350   2.033
 3351   2.040
 3352   2.092
 3353   2.065
 3354   2.000
 3355   2.048
 3356   2.078
 3357   2.003
 3358   1.965
 3359   2.020
 3360   1.998
 3361   2.020
 3362   2.026
 3363   2.047
 3364   2.013
 3365   2.006
 3366   2.084
 3367   2.129
 3368   2.160
 3369   2.113
 3370   2.101
 3371   2.063
 3372   2.082
 3373   2.103
 3374   2.170
 3375   2.196
 3376   2.116
 3377   2.201
 3378   2.167
 3379   2.130
 3380   2.081
 3381   2.092
 3382   2.106
 3383   2.160
 3384   2.144
 3385   2.189
 3386   2.167
 3387   2.130
 3388   2.091
 3389   2.092
 3390   2.143
 3391   2.114
 3392   2.107
 3393   2.130
 3394   2.120
 3395   2.023
 3396   2.104
 3397   2.113
 3398   2.201
 3399   2.147
 3400   2.225
 3401   2.137
 3402   2.158
 3403   2.104
 3404   2.180
 3405   2.172
 3406   2.193
 3407   2.202
 3408   2.216
 3409   2.190
 3410   2.087
 3411   2.186
 3412   2.182
 3413   2.075
 3414   2.074
 3415   2.129
 3416   2.127
 3417   2.113
 3418   2.087
 3419   2.098
 3420   2.123
 3421   2.065
 3422   2.100
 3423   2.094
 3424   2.079
 3425   2.144
 3426   2.143
 3427   2.088
 3428   2.134
 3429   2.093
 3430   2.163
 3431   2.184
 3432   2.196
 3433   2.124
 3434   2.187
 3435   2.154
 3436   2.153
 3437   2.155
 3438   2.139
 3439   2.153
 3440   2.157
 3441   2.194
 3442   2.103
 3443   2.121
 3444   2.140
 3445   2.173
 3446   2.114
 3447   2.129
 3448   2.119
 3449   2.182
 3450   2.150
 3451   2.116
 3452   2.150
 3453   2.192
 3454   2.120
 3455   2.118
 3456   2.108
 3457   2.125
 3458   2.154
 3459   2.150
 3460   2.220
 3461   2.287
 3462   2.254
 3463   2.162
 3464   2.201
 3465   2.209
 3466   2.162
 3467   2.076
 3468   2.106
 3469   2.168
 3470   2.149
 3471   2.057
 3472   2.093
 3473   2.097
 3474   2.096
 3475   2.153
 3476   2.042
 3477   2.126
 3478   1.973
 3479   2.012
 3480   2.015
 3481   2.042
 3482   2.095
 3483   2.000
 3484   2.039
 3485   2.017
 3486   2.011
 3487   2.059
 3488   1.972
 3489   2.021
 3490   2.113
 3491   2.124
 3492   2.063
 3493   2.040
 3494   2.031
 3495   2.036
 3496   2.029
 3497   2.104
 3498   2.159
 3499   2.095
 3500   2.042
 3501   2.054
 3502   2.113
 3503   2.059
 3504   1.977
 3505   2.001
 3506   2.056
 3507   2.044
 3508   2.080
 3509   2.106
 3510   2.132
 3511   2.075
 3512   2.098
 3513   2.111
 3514   2.177
 3515   2.186
 3516   2.199
 3517   2.167
 3518   2.248
 3519   2.135
 3520   2.080
 3521   2.029
 3522   2.031
 3523   2.035
 3524   2.010
 3525   2.025
 3526   2.082
 3527   2.117
 3528   2.085
 3529   2.127
 3530   2.132
 3531   2.115
 3532   2.043
 3533   2.112
 3534   2.063
 3535   2.066
 3536   2.017
 3537   2.027
 3538   1.996
 3539   2.012
 3540   2.103
 3541   2.095
 3542   2.095
 3543   2.091
 3544   2.153
 3545   2.174
 3546   2.018
 3547   2.006
 3548   2.014
 3549   1.975
 3550   1.946
 3551   1.999
 3552   1.967
 3553   1.984
 3554   2.062
 3555   1.983
 3556   2.037
 3557   1.970
 3558   1.999
 3559   1.988
 3560   2.006
 3561   2.088
 3562   2.063
 3563   2.037
 3564   1.951
 3565   1.936
 3566   2.030
 3567   2.044
 3568   1.996
 3569   2.047
 3570   1.977
 3571   2.040
 3572   2.034
 3573   2.015
 3574   2.053
 3575   2.088
 3576   2.136
 3577   2.119
 3578   2.092
 3579   2.106
 3580   2.164
 3581   2.061
 3582   2.108
 3583   2.155
 3584   2.128
 3585   2.101
 3586   2.141
 3587   2.065
 3588   2.081
 3589   2.132
 3590   2.152
 3591   2.007
 3592   2.016
 3593   2.003
 3594   2.053
 3595   2.054
 3596   2.086
 3597   1.997
 3598   1.998
 3599   1.968
 3600   1.970
 3601   2.009
 3602   2.030
 3603   2.020
 3604   2.067
 3605   2.066
 3606   2.084
 3607   2.012
 3608   2.032
 3609   2.018
 3610   2.045
 3611   2.054
 3612   2.061
 3613   2.018
 3614   2.064
 3615   2.128
 3616   2.134
 3617   2.160
 3618   2.114
 3619   2.135
 3620   2.153
 3621   2.139
 3622   2.069
 3623   2.055
 3624   2.066
 3625   2.088
 3626   2.044
 3627   2.025
 3628   2.060
 3629   2.059
 3630   2.041
 3631   2.098
 3632   2.121
 3633   2.178
 3634   2.199
 3635   2.117
 3636   2.090
 3637   2.046
 3638   2.061
 3639   2.086
 3640   2.075
 3641   2.185
 3642   2.135
 3643   2.044
 3644   2.047
 3645   2.078
 3646   2.117
 3647   2.036
 3648   2.072
 3649   2.115
 3650   2.082
 3651   2.136
 3652   2.061
 3653   2.080
 3654   2.093
 3655   2.113
 3656   2.046
 3657   2.121
 3658   2.075
 3659   2.195
 3660   2.125
 3661   2.140
 3662   2.117
 3663   2.027
 3664   2.068
 3665   2.105
 3666   2.095
 3667   2.055
 3668   2.110
 3669   2.093
 3670   2.105
 3671   2.129
 3672   2.143
 3673   2.220
 3674   2.048
 3675   2.103
 3676   2.082
 3677   2.080
 3678   2.028
 3679   2.119
 3680   2.034
 3681   2.084
 3682   2.146
 3683   2.136
 3684   2.091
 3685   2.130
 3686   2.213
 3687   2.160
 3688   2.135
 3689   2.124
 3690   2.138
 3691   2.114
 3692   2.225
 3693   2.109
 3694   2.135
 3695   2.214
 3696   2.165
 3697   2.135
 3698   2.071
 3699   2.085
 3700   2.091
 3701   2.032
 3702   2.001
 3703   2.071
 3704   2.155
 3705   2.147
 3706   2.097
 3707   2.112
 3708   2.141
 3709   2.069
 3710   1.987
 3711   1.999
 3712   2.006
 3713   2.028
 3714   2.047
 3715   2.055
 3716   2.003
 3717   1.987
 3718   1.970
 3719   2.054
 3720   2.015
 3721   2.022
 3722   2.062
 3723   2.025
 3724   1.980
 3725   2.013
 3726   2.001
 3727   2.073
 3728   2.017
 3729   2.088
 3730   2.063
 3731   2.026
 3732   2.030
 3733   2.071
 3734   2.073
 3735   2.040
 3736   2.074
 3737   2.106
 3738   2.006
 3739   2.032
 3740   1.976
 3741   1.990
 3742   1.984
 3743   2.062
 3744   2.098
 3745   2.095
 3746   2.092
 3747   2.100
 3748   2.087
 3749   2.116
 3750   1.984
 3751   1.951
 3752   1.975
 3753   2.038
 3754   2.118
 3755   2.136
 3756   1.992
 3757   1.977
 3758   2.036
 3759   2.087
 3760   2.125
 3761   2.126
 3762   2.048
 3763   2.053
 3764   2.113
 3765   2.123
 3766   2.144
 3767   2.118
 3768   2.111
 3769   2.208
 3770   2.219
 3771   2.193
 3772   2.213
 3773   2.251
 3774   2.286
 3775   2.290
 3776   2.230
 3777   2.238
 3778   2.175
 3779   2.171
 3780   2.163
 3781   2.194
 3782   2.198
 3783   2.215
 3784   2.197
 3785   2.194
 3786   2.174
 3787   2.169
 3788   2.123
 3789   2.165
 3790   2.196
 3791   2.123
 3792   2.144
 3793   2.096
 3794   2.091
 3795   2.069
 3796   2.145
 3797   2.036
 3798   2.031
 3799   2.028
 3800   1.992
 3801   2.036
 3802   2.063
 3803   2.020
 3804   1.994
 3805   1.955
 3806   2.039
 3807   2.029
 3808   1.956
 3809   2.059
 3810   2.046
 3811   2.092
 3812   2.063
 3813   2.086
 3814   2.087
 3815   2.073
 3816   2.118
 3817   2.060
 3818   2.006
 3819   2.133
 3820   2.103
 3821   2.086
 3822   2.094
 3823   2.030
 3824   2.039
 3825   2.085
 3826   2.038
 3827   2.126
 3828   2.075
 3829   2.115
 3830   2.110
 3831   2.054
 3832   2.097
 3833   2.132
 3834   2.094
 3835   2.055
 3836   2.100
 3837   2.124
 3838   2.114
 3839   2.099
 3840   2.105
 3841   2.112
 3842   2.035
 3843   2.075
 3844   2.030
 3845   2.054
 3846   2.055
 3847   2.019
 3848   1.957
 3849   2.018
 3850   2.125
 3851   2.106
 3852   2.075
 3853   2.150
 3854   2.115
 3855   2.075
 3856   2.039
 3857   2.071
 3858   2.041
 3859   1.957
 3860   2.011
 3861   2.129
 3862   2.161
 3863   2.101
 3864   2.060
 3865   2.099
 3866   2.099
 3867   2.133
 3868   2.108
 3869   2.104
 3870   2.067
 3871   2.110
 3872   2.135
 3873   2.138
 3874   2.016
 3875   2.068
 3876   2.099
 3877   2.034
 3878   2.117
 3879   2.059
 3880   2.039
 3881   1.983
 3882   1.963
 3883   2.043
 3884   2.104
 3885   2.142
 3886   2.135
 3887   2.156
 3888   2.101
 3889   2.114
 3890   2.091
 3891   2.040
 3892   2.038
 3893   1.955
 3894   2.008
 3895   2.002
 3896   2.015
 3897   1.989
 3898   2.009
 3899   1.979
 3900   2.045
 3901   1.957
 3902   1.972
 3903   1.952
 3904   2.000
 3905   1.979
 3906   2.007
 3907   2.030
 3908   2.056
 3909   2.060
 3910   2.060
 3911   2.078
 3912   2.195
 3913   2.109
 3914   2.083
 3915   2.072
 3916   2.084
 3917   2.087
 3918   2.124
 3919   2.080
 3920   2.009
 3921   2.081
 3922   2.067
 3923   2.065
 3924   2.028
 3925   2.099
 3926   2.115
 3927   2.077
 3928   1.997
 3929   2.031
 3930   2.030
 3931   2.124
 3932   2.152
 3933   2.194
 3934   2.174
 3935   2.220
 3936   2.158
 3937   2.159
 3938   2.216
 3939   2.174
 3940   2.146
 3941   2.091
 3942   2.077
 3943   2.117
 3944   2.087
 3945   2.092
 3946   2.137
 3947   2.104
 3948   2.048
 3949   2.088
 3950   2.064
 3951   2.034
 3952   2.061
 3953   2.060
 3954   2.018
 3955   2.089
 3956   2.084
 3957   2.092
 3958   1.996
 3959   2.081
 3960   1.969
 3961   1.997
 3962   1.949
 3963   1.992
 3964   2.016
 3965   1.996
 3966   2.067
 3967   2.016
 3968   2.010
 3969   2.004
 3970   1.951
 3971   1.929
 3972   1.956
 3973   2.015
 3974   2.052
 3975   2.010
 3976   2.057
 3977   2.040
 3978   1.980
 3979   1.945
 3980   1.964
 3981   1.961
 3982   1.951
 3983   1.939
 3984   1.975
 3985   1.982
 3986   2.029
 3987   1.897
 3988   2.044
 3989   1.992
 3990   2.044
 3991   2.005
 3992   1.987
 3993   1.988
 3994   2.003
 3995   2.010
 3996   2.052
 3997   2.051
 3998   2.060
 3999   2.091
 4000   2.045
 4001   2.066
 4002   2.051
 4003   2.036
 4004   2.016
 4005   2.036
 4006   2.005
 4007   2.032
 4008   1.977
 4009   1.898
 4010   1.956
 4011   1.895
 4012   1.905
 4013   1.885
 4014   2.012
 4015   1.958
 4016   1.945
 4017   1.966
 4018   1.948
 4019   1.963
 4020   1.942
 4021   1.996
 4022   2.021
 4023   2.009
 4024   2.030
 4025   2.106
 4026   2.020
 4027   1.974
 4028   2.022
 4029   2.019
 4030   2.056
 4031   2.045
 4032   2.051
 4033   2.069
 4034   2.071
 4035   2.003
 4036   1.869
 4037   1.884
 4038   1.968
 4039   1.956
 4040   1.918
 4041   1.960
 4042   1.999
 4043   2.033
 4044   2.076
 4045   2.009
 4046   1.998
 4047   1.967
 4048   1.949
 4049   2.014
 4050   2.026
 4051   1.997
 4052   1.958
 4053   1.918
 4054   1.968
 4055   1.977
 4056   2.003
 4057   1.998
 4058   2.043
 4059   1.985
 4060   1.984
 4061   2.058
 4062   2.066
 4063   2.004
 4064   1.950
 4065   2.069
 4066   1.996
 4067   1.994
 4068   2.072
 4069   2.039
 4070   2.020
 4071   2.105
 4072   2.102
 4073   2.055
 4074   2.018
 4075   2.034
 4076   2.000
 4077   2.017
 4078   2.073
 4079   2.095
 4080   2.077
 4081   2.080
 4082   2.080
 4083   2.021
 4084   2.076
 4085   2.055
 4086   2.024
 4087   2.047
 4088   2.076
 4089   2.045
 4090   2.070
 4091   2.089
 4092   2.107
 4093   2.105
 4094   2.058
 4095   2.102
 4096   2.182
 4097   2.125
 4098   2.122
 4099   2.098
 4100   2.241
 4101   2.138
 4102   2.146
 4103   2.188
 4104   2.175
 4105   2.124
 4106   2.179
 4107   2.117
 4108   2.047
 4109   2.044
 4110   2.153
 4111   2.089
 4112   2.126
 4113   2.075
 4114   2.117
 4115   2.040
 4116   2.019
 4117   2.081
 4118   2.012
 4119   2.010
 4120   2.092
 4121   2.074
 4122   2.018
 4123   2.055
 4124   2.085
 4125   2.050
 4126   2.026
 4127   2.077
 4128   2.014
 4129   2.045
 4130   2.068
 4131   2.049
 4132   2.057
 4133   2.036
 4134   2.010
 4135   2.087
 4136   2.005
 4137   1.938
 4138   1.989
 4139   2.065
 4140   2.025
 4141   2.092
 4142   2.038
 4143   1.990
 4144   1.936
 4145   1.995
 4146   2.007
 4147   1.964
 4148   1.963
 4149   1.920
 4150   2.048
 4151   2.135
 4152   2.128
 4153   2.098
 4154   2.116
 4155   2.109
 4156   2.029
 4157   2.025
 4158   1.990
 4159   1.964
 4160   1.978
 4161   2.078
 4162   1.996
 4163   2.129
 4164   2.216
 4165   2.133
 4166   2.123
 4167   2.167
 4168   2.160
 4169   2.165
 4170   2.184
 4171   2.199
 4172   2.078
 4173   2.050
 4174   2.083
 4175   2.062
 4176   2.078
 4177   2.042
 4178   2.057
 4179   1.984
 4180   2.053
 4181   2.034
 4182   2.067
 4183   2.056
 4184   2.078
 4185   2.014
 4186   1.960
 4187   2.054
 4188   2.052
 4189   2.115
 4190   2.074
 4191   2.015
 4192   1.986
 4193   2.020
 4194   1.952
 4195   1.955
 4196   1.926
 4197   2.048
 4198   2.041
 4199   1.967
 4200   1.978
 4201   1.984
 4202   2.006
 4203   2.022
 4204   2.100
 4205   2.040
 4206   1.999
 4207   2.018
 4208   1.971
 4209   1.957
 4210   1.931
 4211   1.921
 4212   1.866
 4213   1.890
 4214   1.890
 4215   1.929
 4216   1.932
 4217   1.937
 4218   1.926
 4219   1.953
 4220   1.983
 4221   1.913
 4222   1.972
 4223   1.997
 4224   2.001
 4225   1.914
 4226   1.934
 4227   2.018
 4228   2.044
 4229   2.088
 4230   2.010
 4231   2.032
 4232   2.023
 4233   1.993
 4234   2.073
 4235   2.060
 4236   2.049
 4237   2.068
 4238   2.017
 4239   2.035
 4240   1.953
 4241   1.964
 4242   2.060
 4243   2.029
 4244   2.003
 4245   1.946
 4246   1.995
 4247   2.067
 4248   2.093
 4249   2.003
 4250   1.980
 4251   1.942
 4252   1.955
 4253   1.908
 4254   1.924
 4255   1.923
 4256   1.886
 4257   1.839
 4258   1.860
 4259   1.986
 4260   1.973
 4261   1.962
 4262   2.008
 4263   2.068
 4264   2.067
 4265   2.035
 4266   2.075
 4267   2.078
 4268   2.089
 4269   2.086
 4270   2.101
 4271   2.118
 4272   2.146
 4273   2.146
 4274   2.078
 4275   1.996
 4276   2.010
 4277   2.062
 4278   1.981
 4279   1.923
 4280   1.975
 4281   2.026
 4282   2.079
 4283   2.056
 4284   2.053
 4285   2.088
 4286   2.001
 4287   2.093
 4288   2.066
 4289   2.052
 4290   2.084
 4291   1.950
 4292   1.933
 4293   1.969
 4294   2.007
 4295   1.962
 4296   1.979
 4297   1.984
 4298   1.968
 4299   2.032
 4300   1.991
 4301   2.042
 4302   2.015
 4303   2.073
 4304   2.036
 4305   2.078
 4306   2.049
 4307   1.991
 4308   1.963
 4309   2.068
 4310   1.920
 4311   1.957
 4312   2.022
 4313   1.957
 4314   1.950
 4315   2.063
 4316   2.068
 4317   2.040
 4318   1.986
 4319   2.082
 4320   2.038
 4321   2.042
 4322   2.056
 4323   1.946
 4324   1.960
 4325   1.994
 4326   2.003
 4327   1.991
 4328   2.088
 4329   2.009
 4330   2.045
 4331   2.079
 4332   1.981
 4333   1.989
 4334   1.965
 4335   1.996
 4336   2.119
 4337   2.116
 4338   2.110
 4339   2.091
 4340   2.044
 4341   2.033
 4342   2.010
 4343   2.092
 4344   1.998
 4345   1.967
 4346   2.006
 4347   1.988
 4348   1.994
 4349   1.969
 4350   1.951
 4351   1.883
 4352   1.999
 4353   2.034
 4354   1.971
 4355   2.006
 4356   1.978
 4357   2.085
 4358   1.969
 4359   2.022
 4360   2.055
 4361   2.021
 4362   2.025
 4363   2.032
 4364   1.993
 4365   1.999
 4366   1.979
 4367   2.022
 4368   2.044
 4369   2.063
 4370   2.076
 4371   2.082
 4372   2.053
 4373   2.005
 4374   2.133
 4375   2.172
 4376   2.125
 4377   2.042
 4378   2.095
 4379   2.021
 4380   2.026
 4381   1.992
 4382   2.032
 4383   2.064
 4384   2.115
 4385   2.099
 4386   2.114
 4387   2.116
 4388   2.061
 4389   2.089
 4390   2.068
 4391   2.016
 4392   2.036
 4393   2.034
 4394   2.030
 4395   2.001
 4396   1.945
 4397   2.029
 4398   2.026
 4399   2.007
 4400   1.943
 4401   1.956
 4402   2.012
 4403   2.101
 4404   1.975
 4405   1.917
 4406   1.967
 4407   1.971
 4408   1.978
 4409   1.983
 4410   1.996
 4411   2.032
 4412   2.104
 4413   2.061
 4414   2.020
 4415   2.012
 4416   2.032
 4417   2.019
 4418   2.085
 4419   2.009
 4420   1.965
 4421   2.015
 4422   1.952
 4423   1.957
 4424   1.982
 4425   2.043
 4426   2.011
 4427   1.978
 4428   1.984
 4429   2.045
 4430   2.051
 4431   2.051
 4432   2.026
 4433   2.023
 4434   1.959
 4435   2.002
 4436   1.974
 4437   2.067
 4438   2.019
 4439   2.036
 4440   2.041
 4441   2.119
 4442   2.116
 4443   2.138
 4444   2.061
 4445   1.977
 4446   1.975
 4447   2.001
 4448   2.045
 4449   1.975
 4450   2.043
 4451   2.044
 4452   1.998
 4453   1.915
 4454   2.001
 4455   1.973
 4456   2.001
 4457   1.906
 4458   1.916
 4459   1.961
 4460   1.977
 4461   1.945
 4462   1.935
 4463   1.946
 4464   1.967
 4465   1.985
 4466   2.007
 4467   1.985
 4468   1.994
 4469   2.056
 4470   1.970
 4471   1.971
 4472   1.886
 4473   1.938
 4474   1.905
 4475   1.897
 4476   1.890
 4477   1.911
 4478   1.993
 4479   1.968
 4480   1.929
 4481   1.967
 4482   1.908
 4483   1.917
 4484   1.956
 4485   2.015
 4486   1.981
 4487   1.984
 4488   1.935
 4489   2.041
 4490   2.014
 4491   2.035
 4492   2.140
 4493   2.075
 4494   2.080
 4495   1.974
 4496   2.041
 4497   2.086
 4498   2.049
 4499   2.042
 4500   2.091
 4501   2.054
 4502   2.064
 4503   2.038
 4504   2.115
 4505   2.119
 4506   2.048
 4507   2.016
 4508   2.017
 4509   2.027
 4510   2.035
 4511   2.041
 4512   2.039
 4513   2.013
 4514   2.033
 4515   1.968
 4516   2.037
 4517   1.992
 4518   1.985
 4519   2.032
 4520   1.927
 4521   1.923
 4522   1.939
 4523   1.989
 4524   2.010
 4525   2.020
 4526   2.000
 4527   2.030
 4528   1.906
 4529   1.926
 4530   2.043
 4531   2.077
 4532   2.126
 4533   2.043
 4534   2.042
 4535   2.040
 4536   2.105
 4537   2.133
 4538   2.120
 4539   2.068
 4540   2.017
 4541   2.043
 4542   2.014
 4543   1.990
 4544   2.016
 4545   2.058
 4546   2.047
 4547   2.033
 4548   2.059
 4549   2.046
 4550   2.119
 4551   2.088
 4552   2.055
 4553   2.045
 4554   1.990
 4555   1.978
 4556   2.032
 4557   2.107
 4558   1.967
 4559   1.950
 4560   1.942
 4561   1.959
 4562   1.891
 4563   2.018
 4564   1.974
 4565   1.953
 4566   2.015
 4567   1.954
 4568   1.993
 4569   1.958
 4570   1.981
 4571   2.001
 4572   2.083
 4573   2.076
 4574   2.063
 4575   2.097
 4576   2.084
 4577   2.130
 4578   2.091
 4579   2.036
 4580   2.075
 4581   2.058
 4582   2.007
 4583   2.044
 4584   2.034
 4585   2.127
 4586   2.107
 4587   2.056
 4588   2.065
 4589   2.018
 4590   2.083
 4591   2.068
 4592   2.062
 4593   2.082
 4594   1.961
 4595   1.946
 4596   1.989
 4597   2.082
 4598   2.052
 4599   2.007
 4600   1.962
 4601   1.929
 4602   1.951
 4603   1.974
 4604   2.019
 4605   1.914
 4606   1.917
 4607   1.881
 4608   2.033
 4609   1.980
 4610   1.982
 4611   1.996
 4612   1.911
 4613   1.881
 4614   1.909
 4615   1.997
 4616   1.990
 4617   1.916
 4618   1.972
 4619   1.927
 4620   1.962
 4621   2.003
 4622   1.952
 4623   1.935
 4624   1.920
 4625   1.954
 4626   1.989
 4627   1.940
 4628   1.951
 4629   1.982
 4630   1.941
 4631   1.933
 4632   1.996
 4633   1.981
 4634   1.997
 4635   1.990
 4636   1.948
 4637   1.987
 4638   2.027
 4639   2.013
 4640   1.987
 4641   1.897
 4642   1.897
 4643   1.961
 4644   2.003
 4645   1.915
 4646   1.995
 4647   1.984
 4648   2.021
 4649   1.975
 4650   1.917
 4651   1.956
 4652   1.897
 4653   1.983
 4654   1.929
 4655   1.957
 4656   1.974
 4657   1.957
 4658   2.010
 4659   2.030
 4660   2.014
 4661   2.042
 4662   2.027
 4663   2.024
 4664   2.066
 4665   2.079
 4666   2.047
 4667   2.012
 4668   2.123
 4669   2.068
 4670   2.055
 4671   2.010
 4672   1.997
 4673   2.034
 4674   2.034
 4675   2.053
 4676   2.022
 4677   1.977
 4678   1.951
 4679   2.038
 4680   2.060
 4681   2.068
 4682   2.001
 4683   1.960
 4684   2.029
 4685   1.987
 4686   2.019
 4687   1.988
 4688   2.047
 4689   2.039
 4690   2.051
 4691   2.005
 4692   2.100
 4693   1.954
 4694   1.996
 4695   2.004
 4696   2.037
 4697   2.016
 4698   2.049
 4699   2.009
 4700   1.996
 4701   2.158
 4702   2.060
 4703   2.077
 4704   2.038
 4705   2.023
 4706   2.078
 4707   2.015
 4708   2.059
 4709   2.063
 4710   2.204
 4711   2.134
 4712   2.117
 4713   2.170
 4714   2.064
 4715   2.108
 4716   1.988
 4717   1.995
 4718   2.023
 4719   2.119
 4720   2.121
 4721   2.101
 4722   2.047
 4723   2.044
 4724   2.055
 4725   2.130
 4726   2.167
 4727   2.096
 4728   2.046
 4729   2.110
 4730   2.031
 4731   2.044
 4732   2.030
 4733   2.095
 4734   2.058
 4735   2.145
 4736   2.083
 4737   2.103
 4738   2.119
 4739   2.186
 4740   2.039
 4741   2.046
 4742   2.082
 4743   2.129
 4744   2.089
 4745   2.018
 4746   2.126
 4747   2.117
 4748   2.050
 4749   2.025
 4750   2.062
 4751   2.037
 4752   1.996
 4753   1.979
 4754   1.955
 4755   2.004
 4756   2.020
 4757   2.026
 4758   2.003
 4759   2.041
 4760   2.010
 4761   1.994
 4762   1.949
 4763   2.020
 4764   2.025
 4765   2.073
 4766   2.047
 4767   2.097
 4768   1.984
 4769   2.069
 4770   2.086
 4771   2.082
 4772   2.049
 4773   1.960
 4774   1.946
 4775   1.954
 4776   1.995
 4777   2.057
 4778   2.094
 4779   2.031
 4780   2.125
 4781   2.146
 4782   2.093
 4783   2.032
 4784   2.065
 4785   2.084
 4786   2.049
 4787   2.068
 4788   2.073
 4789   1.982
 4790   2.022
 4791   1.991
 4792   2.006
 4793   2.076
 4794   2.074
 4795   1.991
 4796   1.989
 4797   1.956
 4798   1.935
 4799   1.983
 4800   1.956
 4801   1.927
 4802   1.975
 4803   1.983
 4804   1.919
 4805   1.927
 4806   1.929
 4807   1.971
 4808   1.986
 4809   1.983
 4810   2.036
 4811   1.963
 4812   1.936
 4813   1.946
 4814   2.002
 4815   2.025
 4816   2.003
 4817   2.061
 4818   1.977
 4819   1.996
 4820   2.099
 4821   2.018
 4822   1.961
 4823   1.955
 4824   1.863
 4825   1.960
 4826   2.024
 4827   2.015
 4828   1.944
 4829   1.966
 4830   1.980
 4831   1.903
 4832   2.043
 4833   2.033
 4834   1.966
 4835   1.928
 4836   1.929
 4837   1.960
 4838   1.890
 4839   1.855
 4840   1.838
 4841   1.804
 4842   1.921
 4843   1.954
 4844   2.018
 4845   2.044
 4846   2.088
 4847   1.998
 4848   1.974
 4849   1.984
 4850   1.930
 4851   1.967
 4852   2.009
 4853   2.038
 4854   1.996
 4855   1.994
 4856   1.954
 4857   1.921
 4858   1.860
 4859   1.868
 4860   1.903
 4861   1.874
 4862   1.901
 4863   1.902
 4864   1.920
 4865   1.932
 4866   1.792
 4867   1.848
 4868   1.859
 4869   1.862
 4870   1.848
 4871   1.963
 4872   1.944
 4873   1.936
 4874   1.883
 4875   1.914
 4876   1.921
 4877   1.927
 4878   1.901
 4879   1.941
 4880   1.934
 4881   1.983
 4882   1.965
 4883   2.026
 4884   2.076
 4885   2.085
 4886   2.010
 4887   1.943
 4888   2.002
 4889   1.976
 4890   1.993
 4891   1.956
 4892   2.002
 4893   1.968
 4894   2.020
 4895   1.984
 4896   2.002
 4897   2.004
 4898   2.049
 4899   2.084
 4900   2.147
 4901   2.040
 4902   2.144
 4903   2.094
 4904   2.094
 4905   2.054
 4906   2.039
 4907   2.076
 4908   2.150
 4909   2.133
 4910   2.135
 4911   2.102
 4912   2.057
 4913   2.058
 4914   2.053
 4915   2.042
 4916   2.111
 4917   2.095
 4918   2.025
 4919   2.044
 4920   2.043
 4921   2.018
 4922   2.024
 4923   2.122
 4924   2.125
 4925   2.083
 4926   2.052
 4927   2.115
 4928   2.117
 4929   2.146
 4930   2.131
 4931   2.086
 4932   2.091
 4933   1.957
 4934   2.032
 4935   2.072
 4936   2.042
 4937   2.059
 4938   2.056
 4939   2.013
 4940   1.984
 4941   2.084
 4942   2.056
 4943   2.078
 4944   2.104
 4945   2.070
 4946   2.066
 4947   2.081
 4948   2.059
 4949   2.049
 4950   2.084
 4951   2.101
 4952   2.034
 4953   2.102
 4954   2.116
 4955   2.208
 4956   2.152
 4957   2.131
 4958   2.127
 4959   2.142
 4960   2.061
 4961   2.122
 4962   2.057
 4963   2.072
 4964   2.084
 4965   2.100
 4966   2.065
 4967   2.081
 4968   2.095
 4969   2.050
 4970   2.028
 4971   2.058
 4972   2.156
 4973   2.089
 4974   2.025
 4975   2.077
 4976   2.086
 4977   2.033
 4978   2.083
 4979   2.087
 4980   2.101
 4981   2.134
 4982   2.082
 4983   2.182
 4984   2.240
 4985   2.210
 4986   2.197
 4987   2.140
 4988   2.171
 4989   2.176
 4990   2.144
 4991   2.149
 4992   2.237
 4993   2.132
 4994   2.172
 4995   2.137
 4996   2.159
 4997   2.131
 4998   2.138
 4999   2.058

