  14.866 
  10.165 
  12.169 
  13.096 
  10.615 
  11.082 
  12.182 
  11.331 
  11.986 
  11.682 
  14.314 
   7.546 
  13.951 
  13.432 
  13.680 
   8.356 
  14.558 
   9.724 
  14.308 
  15.350 
   8.848 
   8.913 
   8.985 
   8.942 
  12.483 
  12.809 
  10.815 
  13.898 
  10.842 
  14.329 
  13.619 
  10.968 
   9.281 
   9.303 
  10.517 
  13.574 
  14.087 
  10.978 
   9.247 
  14.977 
  13.542 
  10.831 
  13.864 
  10.259 
   9.812 
  10.584 
  11.370 
  13.853 
  13.513 
   7.923 
  12.260 
  14.096 
   9.977 
  13.235 
  15.385 
  10.287 
  12.422 
   8.662 
   8.989 
  13.393 
  10.529 
  11.854 
  14.123 
   9.402 
  15.213 
  11.349 
  13.757 
  10.562 
  12.313 
  10.062 
   7.843 
  14.744 
  13.197 
  12.644 
  13.830 
  10.635 
  10.418 
  10.437 
  13.509 
  14.756 
   9.821 
  11.484 
   8.817 
  12.293 
   9.970 
  11.339 
  11.991 
  15.051 
  11.804 
  11.256 
   8.710 
  10.554 
  10.169 
  11.868 
  10.927 
  10.517 
  12.815 
   7.979 
  11.560 
  10.460 
  10.170 
  10.463 
   9.773 
   9.450 
  10.866 
   9.573 
  12.803 
  13.859 
  11.309 
  15.329 
  12.249 
  10.241 
  13.925 
  10.714 
  13.390 
  13.770 
   9.263 
   9.863 
  11.560 
  13.503 
   7.471 
  14.226 
  13.800 
  10.628 
  15.844 
  14.137 
  15.401 
   8.042 
  14.689 
   9.597 
  10.745 
  13.913 
  15.573 
   9.124 
  11.798 
   7.797 
  13.497 
  11.334 
  11.391 
   9.104 
  13.277 
   8.049 
  10.640 
  10.499 
  12.205 
   9.395 
  14.625 
  11.215 
   8.616 
  11.592 
  13.206 
  13.973 
  14.956 
  13.161 
   9.497 
  14.510 
  10.292 
  11.217 
   9.475 
  10.838 
  11.529 
  11.367 
  10.707 
   9.464 
  13.102 
  13.618 
  10.908 
  14.054 
  10.340 
  10.142 
  11.580 
  11.094 
  10.340 
  13.676 
  12.909 
   8.613 
  10.423 
  12.086 
   7.908 
  11.789 
  14.143 
  13.634 
  10.409 
   9.490 
  14.959 
  15.834 
  13.029 
   8.511 
  11.160 
   8.841 
   7.642 
   9.742 
  12.865 
  12.654 
  11.184 
  10.454 
  15.354 
   9.286 
   9.207 
  12.466 
  13.821 
  10.418 
  12.045 
  10.205 
   8.680 
  13.757 
  10.806 
  10.004 
   9.624 
  13.840 
  12.185 
  13.012 
  12.237 
  11.082 
   7.205 
  12.721 
  11.805 
  14.558 
  15.654 
   9.671 
   8.415 
   9.828 
  10.724 
   7.838 
  14.565 
  11.207 
   7.815 
  10.252 
  10.728 
  13.347 
  12.655 
  10.227 
  13.882 
   9.635 
  14.381 
  12.080 
  11.763 
   9.192 
  10.165 
  12.210 
   8.210 
   9.003 
  10.434 
   8.131 
  16.125 
  13.144 
  11.307 
  12.741 
  13.149 
  13.247 
