   9.588 
  10.848 
  11.503 
  12.585 
  12.793 
   8.609 
  13.413 
   9.204 
  11.075 
  10.457 
  11.645 
  11.987 
  11.978 
  11.033 
   8.297 
  10.097 
  15.713 
   7.915 
  10.627 
   8.406 
  10.255 
  12.335 
  10.068 
  13.192 
  10.219 
   8.260 
   6.863 
  11.145 
  11.453 
  11.191 
   7.944 
   8.859 
  10.535 
  13.432 
  14.433 
  11.003 
   8.877 
  12.113 
  10.356 
  12.177 
   9.166 
  10.961 
   9.479 
  10.045 
  13.675 
   8.015 
  10.684 
  10.095 
  14.572 
  12.910 
  11.172 
  13.646 
  10.199 
  10.396 
  11.128 
  11.203 
   8.831 
  13.013 
  13.088 
   9.966 
  13.911 
  12.710 
  13.253 
  13.849 
  10.364 
   9.103 
   8.423 
   9.596 
  11.292 
  12.806 
   8.610 
   8.170 
  13.300 
  13.594 
  11.508 
  11.868 
  14.865 
  10.197 
  11.769 
   7.754 
  15.709 
  14.946 
  10.454 
  15.634 
  14.166 
  14.916 
  10.412 
   8.363 
   9.674 
  14.076 
   9.204 
   7.573 
   9.361 
   9.844 
   9.514 
  11.139 
  11.484 
   7.434 
  13.963 
  12.716 
  11.956 
   8.845 
   9.949 
  14.139 
  12.499 
   8.950 
  13.334 
  10.075 
  13.381 
  13.990 
   9.892 
  13.576 
   9.291 
   8.569 
  12.714 
  11.518 
  10.576 
   9.748 
  11.235 
  11.546 
   9.344 
  10.603 
  13.168 
   9.839 
  11.670 
  12.674 
  12.793 
   9.043 
  12.534 
  10.699 
   9.696 
   8.740 
  10.220 
  14.020 
  10.921 
  12.283 
  10.270 
  15.937 
  10.966 
   8.492 
  12.905 
  10.055 
   9.026 
  10.644 
  11.538 
  11.848 
   9.670 
   9.457 
   8.987 
  10.007 
  14.350 
  13.538 
  13.056 
  10.225 
   9.171 
   9.466 
  12.702 
   9.091 
  12.107 
  12.567 
  10.183 
  11.212 
   9.347 
   8.060 
  13.457 
  15.098 
  11.040 
  13.670 
   8.560 
  10.541 
  15.299 
   8.612 
  15.089 
   9.830 
   7.944 
   8.349 
  12.488 
   7.774 
  14.168 
   8.797 
  12.907 
  15.405 
  13.598 
  11.253 
   8.598 
   8.892 
   8.691 
  10.081 
   8.689 
   7.960 
   7.646 
  11.387 
  11.001 
   9.313 
  13.886 
   9.112 
  12.375 
   9.188 
  10.991 
  11.037 
   7.966 
  13.790 
  15.359 
  13.012 
  13.420 
  11.479 
   7.652 
   9.390 
  13.432 
  10.528 
   8.565 
  10.277 
   9.033 
  11.021 
  11.280 
   7.981 
  10.311 
  11.863 
  12.613 
   7.598 
  12.279 
  12.480 
  13.297 
  10.041 
  12.562 
  13.993 
  15.175 
  11.654 
  10.883 
  11.743 
   8.853 
  15.445 
   9.232 
  15.380 
  15.225 
   9.559 
  12.882 
  13.760 
  11.924 
  12.342 
  11.299 
   8.778 
  15.270 
  13.769 
  14.569 
  13.437 
   8.092 
  10.951 
   9.776 
  12.428 
