126.629
89.733
73.102
42.886
28.087
6.702
-4.070
-28.024
-38.888
-50.566
-55.443
-69.551
-78.465
-85.105
-82.157
-93.519
-98.688
-97.606
-108.003
-107.536
-108.580
-111.960
-118.560
-113.648
-124.096
-124.982
-121.214
-123.807
-125.306
-127.436
-131.245
-125.090
-128.376
-122.189
-122.875
-120.875
-116.226
-122.061
-114.068
-109.694
-117.814
-128.883
-128.404
-123.130
-123.679
-127.267
-129.247
-130.614
-130.726
-126.146
-128.308
-133.285
-131.405
-122.395
-127.733
-122.570
-127.220
-122.999
-129.670
-119.966
-125.549
-125.182
-122.874
-126.127
-125.585
-122.303
-127.441
-125.984
-117.913
-125.511
-132.952
-132.936
-131.504
-119.753
-116.719
-123.144
-118.220
-117.433
-123.652
-122.792
-123.041
-122.502
-115.285
-115.782
-117.699
-116.471
-120.614
-119.747
-117.779
-116.918
-119.113
-118.822
-120.959
-122.416
-125.118
-124.863
-123.706
-120.600
-117.490
-120.915
-119.348
-126.028
-116.830
-112.947
-115.032
-116.928
-119.515
-120.659
-120.068
-120.116
-116.710
-113.564
-119.825
-121.847
-118.836
-123.277
-116.018
-120.634
-114.671
-110.090
-119.196
-118.431
-120.861
-125.610
-126.939
-123.776
-121.869
-122.654
-118.795
-121.446
-119.448
-120.150
-117.096
-114.294
-115.879
-118.870
-118.657
-117.948
-118.583
-119.914
-122.534
-116.686
-106.364
-115.107
-121.137
-118.301
-120.279
-121.968
-123.184
-127.361
-125.006
-126.650
-125.765
-123.128
-125.868
-116.134
-120.462
-123.272
-122.794
-117.312
-115.324
-118.011
-113.553
-118.589
-114.629
-108.616
-111.540
-119.293
-114.991
-115.497
-114.295
-118.608
-122.930
-122.893
-124.392
-117.721
-114.132
-107.736
-116.094
-112.580
-114.838
-114.585
-119.982
-115.188
-118.970
-120.135
-114.665
-118.419
-122.546
-124.148
-118.155
-120.995
-119.592
-117.080
-124.527
-120.915
-119.179
-119.559
-120.823
-118.863
