-118.673
-118.329
-123.802
-119.097
-116.959
-119.410
-117.297
-121.982
-117.776
-118.495
-121.328
-124.278
-117.419
-117.757
-118.186
-122.437
-117.180
-117.028
-117.345
-119.147
-115.665
-113.285
-113.305
-111.718
-112.816
-116.019
-122.122
-115.338
-115.804
-120.807
-115.661
-113.008
-108.529
-113.383
-110.171
-112.419
-110.848
-110.277
-112.474
-112.615
-107.207
-109.988
-113.717
-115.064
-108.863
-113.102
-117.469
-116.637
-116.565
-122.602
-120.689
-110.631
-113.776
-116.337
-109.371
-117.066
-122.343
-116.347
-118.964
-115.226
-119.601
-119.655
-116.575
-113.827
-123.277
-122.349
-120.714
-112.504
-108.576
-111.109
-118.431
-120.674
-124.475
-119.739
-119.658
-117.645
-112.892
-115.234
-115.386
-118.293
-124.691
-119.225
-112.171
-108.079
-111.957
-112.589
-116.639
-118.069
-119.835
-118.480
-121.454
-115.708
-117.269
-114.684
-115.823
-120.522
-114.440
-115.014
-116.926
-111.853
-114.750
-121.460
-122.934
-120.149
-113.898
-114.622
-115.570
-110.817
-116.206
-119.841
-115.467
-119.292
-125.190
-119.480
-114.884
-113.780
-112.565
-113.321
-109.811
-116.412
-116.687
-117.034
-113.632
-117.190
-112.040
-110.209
-113.643
-113.998
-112.130
-119.419
-122.998
-125.472
-114.275
-122.773
-120.084
-109.423
-110.111
-113.783
-111.770
-116.211
-112.348
-108.335
-116.961
-116.132
-112.874
-109.987
-105.133
-105.908
-112.226
-117.881
-114.668
-116.421
-108.659
-118.284
-123.126
-122.760
-119.863
-115.272
-110.634
-111.572
-108.959
-118.587
-116.237
-118.803
-110.984
-117.661
-110.064
-122.804
-114.527
-115.876
-117.663
-111.084
-114.817
-113.843
-117.026
-114.586
-111.493
-111.540
-115.169
-121.908
-118.367
-110.144
-113.130
-113.722
-121.703
-123.089
-123.353
-114.920
-115.033
-116.595
-120.548
-116.932
-119.585
-112.882
-111.127
-116.462
-124.100
-118.550
-118.013
-117.762
