-118.670
-119.211
-112.245
-119.816
-107.278
-116.978
-113.302
-115.797
-117.760
-120.299
-115.918
-116.126
-116.881
-114.071
-110.052
-119.466
-112.252
-115.997
-107.935
-116.912
-116.636
-109.189
-116.848
-113.220
-117.242
-114.924
-111.866
-116.655
-118.837
-117.734
-123.200
-122.205
-116.982
-123.488
-114.363
-116.671
-115.893
-117.428
-114.680
-112.195
-113.295
-119.454
-121.790
-116.694
-114.835
-116.016
-117.570
-108.674
-111.641
-119.088
-118.970
-113.039
-112.603
-114.659
-122.155
-118.060
-116.320
-111.336
-119.555
-119.605
-123.029
-122.320
-120.889
-112.015
-107.578
-114.625
-105.791
-110.784
-112.976
-123.476
-116.113
-109.871
-119.783
-117.164
-112.321
-107.512
-115.389
-113.300
-114.492
-113.723
-106.792
-122.015
-116.609
-117.361
-119.681
-115.953
-116.698
-108.499
-119.927
-123.541
-117.767
-121.076
-118.433
-122.927
-122.470
-118.079
-114.512
-113.939
-126.345
-124.193
-122.707
-116.199
-113.582
-116.513
-112.796
-114.812
-115.461
-114.712
-121.326
-116.583
-113.040
-121.674
-122.839
-114.063
-116.392
-122.258
-108.716
-111.989
-110.331
-110.473
-114.336
-117.085
-115.942
-121.104
-117.840
-117.294
-117.078
-113.702
-111.736
-114.157
-116.188
-116.121
-112.084
-117.523
-121.250
-120.301
-120.052
-116.388
-111.397
-114.554
-113.144
-113.534
-118.016
-117.282
-112.933
-114.014
-110.683
-117.095
-117.381
-115.317
-103.029
-119.349
-123.547
-117.963
-119.056
-120.628
-122.758
-121.575
-119.399
-115.893
-116.857
-108.372
-111.878
-117.188
-109.392
-117.522
-116.214
-114.506
-120.169
-116.351
-120.963
-118.651
-120.333
-119.302
-120.298
-121.987
-119.779
-110.303
-105.801
-115.900
-116.088
-109.624
-116.555
-117.352
-115.347
-116.802
-116.616
-115.561
-113.444
-111.051
-115.596
-117.895
-116.580
-120.121
-116.697
-112.834
-111.658
-113.707
-115.525
-117.677
