-122.650
-116.659
-119.415
-112.533
-119.213
-108.471
-116.904
-116.958
-116.380
-113.515
-120.282
-111.078
-112.688
-105.540
-115.405
-114.519
-112.884
-108.989
-113.527
-110.863
-111.310
-121.150
-119.140
-115.744
-115.727
-118.206
-123.310
-117.929
-113.750
-114.005
-116.655
-112.883
-118.838
-114.234
-116.784
-109.070
-119.575
-110.662
-112.148
-112.331
-113.777
-124.995
-121.708
-120.799
-121.476
-115.289
-111.338
-120.627
-117.138
-119.599
-114.968
-115.023
-118.307
-125.520
-120.647
-121.217
-114.481
-111.307
-120.194
-112.167
-116.073
-114.050
-109.999
-116.414
-104.641
-116.934
-115.252
-107.775
-113.346
-120.627
-114.861
-111.824
-106.236
-118.675
-118.873
-113.996
-117.689
-121.939
-116.593
-111.338
-116.160
-111.712
-119.828
-113.448
-109.407
-109.311
-112.126
-107.214
-117.668
-112.981
-109.458
-118.725
-115.328
-114.093
-114.626
-115.917
-111.063
-110.869
-111.929
-116.557
-116.700
-117.291
-124.674
-116.914
-115.883
-112.105
-106.946
-110.927
-108.179
-110.901
-118.674
-112.385
-115.503
-112.341
-116.898
-124.979
-115.339
-119.567
-118.216
-119.711
-117.351
-121.131
-119.897
-121.502
-117.069
-118.563
-119.348
-116.678
-121.125
-116.268
-121.515
-122.882
-113.565
-117.483
-123.414
-119.703
-121.235
-117.922
-112.803
-108.243
-108.258
-110.874
-113.064
-107.308
-111.780
-119.464
-108.638
-114.771
-118.268
-117.154
-121.080
-109.536
-120.823
-117.814
-122.140
-108.888
-111.724
-111.060
-111.313
-117.761
-116.746
-114.995
-120.499
-112.895
-116.994
-119.724
-117.581
-108.610
-118.358
-110.478
-123.141
-116.052
-121.031
-116.678
-122.349
-121.147
-118.561
-117.196
-114.104
-117.026
-117.479
-120.686
-115.662
-114.221
-116.211
-115.705
-117.145
-117.178
-114.494
-112.913
-108.663
-112.020
-109.754
-118.499
-120.911
-122.403
-120.173
-115.728
-118.697
-113.639
