5 126.629
10 89.733
15 73.102
20 42.886
25 28.087
30 6.702
35 -4.070
40 -28.024
45 -38.888
50 -50.566
55 -55.443
60 -69.551
65 -78.465
70 -85.105
75 -82.157
80 -93.519
85 -98.688
90 -97.606
95 -108.003
100 -107.536
105 -108.580
110 -111.960
115 -118.560
120 -113.648
125 -124.096
130 -124.982
135 -121.214
140 -123.807
145 -125.306
150 -127.436
155 -131.245
160 -125.090
165 -128.376
170 -122.189
175 -122.875
180 -120.875
185 -116.226
190 -122.061
195 -114.068
200 -109.694
205 -117.814
210 -128.883
215 -128.404
220 -123.130
225 -123.679
230 -127.267
235 -129.247
240 -130.614
245 -130.726
250 -126.146
255 -128.308
260 -133.285
265 -131.405
270 -122.395
275 -127.733
280 -122.570
285 -127.220
290 -122.999
295 -129.670
300 -119.966
305 -125.549
310 -125.182
315 -122.874
320 -126.127
325 -125.585
330 -122.303
335 -127.441
340 -125.984
345 -117.913
350 -125.511
355 -132.952
360 -132.936
365 -131.504
370 -119.753
375 -116.719
380 -123.144
385 -118.220
390 -117.433
395 -123.652
400 -122.792
405 -123.041
410 -122.502
415 -115.285
420 -115.782
425 -117.699
430 -116.471
435 -120.614
440 -119.747
445 -117.779
450 -116.918
455 -119.113
460 -118.822
465 -120.959
470 -122.416
475 -125.118
480 -124.863
485 -123.706
490 -120.600
495 -117.490
500 -120.915
505 -119.348
510 -126.028
515 -116.830
520 -112.947
525 -115.032
530 -116.928
535 -119.515
540 -120.659
545 -120.068
550 -120.116
555 -116.710
560 -113.564
565 -119.825
570 -121.847
575 -118.836
580 -123.277
585 -116.018
590 -120.634
595 -114.671
600 -110.090
605 -119.196
610 -118.431
615 -120.861
620 -125.610
625 -126.939
630 -123.776
635 -121.869
640 -122.654
645 -118.795
650 -121.446
655 -119.448
660 -120.150
665 -117.096
670 -114.294
675 -115.879
680 -118.870
685 -118.657
690 -117.948
695 -118.583
700 -119.914
705 -122.534
710 -116.686
715 -106.364
720 -115.107
725 -121.137
730 -118.301
735 -120.279
740 -121.968
745 -123.184
750 -127.361
755 -125.006
760 -126.650
765 -125.765
770 -123.128
775 -125.868
780 -116.134
785 -120.462
790 -123.272
795 -122.794
800 -117.312
805 -115.324
810 -118.011
815 -113.553
820 -118.589
825 -114.629
830 -108.616
835 -111.540
840 -119.293
845 -114.991
850 -115.497
855 -114.295
860 -118.608
865 -122.930
870 -122.893
875 -124.392
880 -117.721
885 -114.132
890 -107.736
895 -116.094
900 -112.580
905 -114.838
910 -114.585
915 -119.982
920 -115.188
925 -118.970
930 -120.135
935 -114.665
940 -118.419
945 -122.546
950 -124.148
955 -118.155
960 -120.995
965 -119.592
970 -117.080
975 -124.527
980 -120.915
985 -119.179
990 -119.559
995 -120.823
1000 -118.863
1005 -118.673
1010 -118.329
1015 -123.802
1020 -119.097
1025 -116.959
1030 -119.410
1035 -117.297
1040 -121.982
1045 -117.776
1050 -118.495
1055 -121.328
1060 -124.278
1065 -117.419
1070 -117.757
1075 -118.186
1080 -122.437
1085 -117.180
1090 -117.028
1095 -117.345
1100 -119.147
1105 -115.665
1110 -113.285
1115 -113.305
1120 -111.718
1125 -112.816
1130 -116.019
1135 -122.122
1140 -115.338
1145 -115.804
1150 -120.807
1155 -115.661
1160 -113.008
1165 -108.529
1170 -113.383
1175 -110.171
1180 -112.419
1185 -110.848
1190 -110.277
1195 -112.474
1200 -112.615
1205 -107.207
1210 -109.988
1215 -113.717
1220 -115.064
1225 -108.863
1230 -113.102
1235 -117.469
1240 -116.637
1245 -116.565
1250 -122.602
1255 -120.689
1260 -110.631
1265 -113.776
1270 -116.337
1275 -109.371
1280 -117.066
1285 -122.343
1290 -116.347
1295 -118.964
1300 -115.226
1305 -119.601
1310 -119.655
1315 -116.575
1320 -113.827
1325 -123.277
1330 -122.349
1335 -120.714
1340 -112.504
1345 -108.576
1350 -111.109
1355 -118.431
1360 -120.674
1365 -124.475
1370 -119.739
1375 -119.658
1380 -117.645
1385 -112.892
1390 -115.234
1395 -115.386
1400 -118.293
1405 -124.691
1410 -119.225
1415 -112.171
1420 -108.079
1425 -111.957
1430 -112.589
1435 -116.639
1440 -118.069
1445 -119.835
1450 -118.480
1455 -121.454
1460 -115.708
1465 -117.269
1470 -114.684
1475 -115.823
1480 -120.522
1485 -114.440
1490 -115.014
1495 -116.926
1500 -111.853
1505 -114.750
1510 -121.460
1515 -122.934
1520 -120.149
1525 -113.898
1530 -114.622
1535 -115.570
1540 -110.817
1545 -116.206
1550 -119.841
1555 -115.467
1560 -119.292
1565 -125.190
1570 -119.480
1575 -114.884
1580 -113.780
1585 -112.565
1590 -113.321
1595 -109.811
1600 -116.412
1605 -116.687
1610 -117.034
1615 -113.632
1620 -117.190
1625 -112.040
1630 -110.209
1635 -113.643
1640 -113.998
1645 -112.130
1650 -119.419
1655 -122.998
1660 -125.472
1665 -114.275
1670 -122.773
1675 -120.084
1680 -109.423
1685 -110.111
1690 -113.783
1695 -111.770
1700 -116.211
1705 -112.348
1710 -108.335
1715 -116.961
1720 -116.132
1725 -112.874
1730 -109.987
1735 -105.133
1740 -105.908
1745 -112.226
1750 -117.881
1755 -114.668
1760 -116.421
1765 -108.659
1770 -118.284
1775 -123.126
1780 -122.760
1785 -119.863
1790 -115.272
1795 -110.634
1800 -111.572
1805 -108.959
1810 -118.587
1815 -116.237
1820 -118.803
1825 -110.984
1830 -117.661
1835 -110.064
1840 -122.804
1845 -114.527
1850 -115.876
1855 -117.663
1860 -111.084
1865 -114.817
1870 -113.843
1875 -117.026
1880 -114.586
1885 -111.493
1890 -111.540
1895 -115.169
1900 -121.908
1905 -118.367
1910 -110.144
1915 -113.130
1920 -113.722
1925 -121.703
1930 -123.089
1935 -123.353
1940 -114.920
1945 -115.033
1950 -116.595
1955 -120.548
1960 -116.932
1965 -119.585
1970 -112.882
1975 -111.127
1980 -116.462
1985 -124.100
1990 -118.550
1995 -118.013
2000 -117.762
2005 -118.670
2010 -119.211
2015 -112.245
2020 -119.816
2025 -107.278
2030 -116.978
2035 -113.302
2040 -115.797
2045 -117.760
2050 -120.299
2055 -115.918
2060 -116.126
2065 -116.881
2070 -114.071
2075 -110.052
2080 -119.466
2085 -112.252
2090 -115.997
2095 -107.935
2100 -116.912
2105 -116.636
2110 -109.189
2115 -116.848
2120 -113.220
2125 -117.242
2130 -114.924
2135 -111.866
2140 -116.655
2145 -118.837
2150 -117.734
2155 -123.200
2160 -122.205
2165 -116.982
2170 -123.488
2175 -114.363
2180 -116.671
2185 -115.893
2190 -117.428
2195 -114.680
2200 -112.195
2205 -113.295
2210 -119.454
2215 -121.790
2220 -116.694
2225 -114.835
2230 -116.016
2235 -117.570
2240 -108.674
2245 -111.641
2250 -119.088
2255 -118.970
2260 -113.039
2265 -112.603
2270 -114.659
2275 -122.155
2280 -118.060
2285 -116.320
2290 -111.336
2295 -119.555
2300 -119.605
2305 -123.029
2310 -122.320
2315 -120.889
2320 -112.015
2325 -107.578
2330 -114.625
2335 -105.791
2340 -110.784
2345 -112.976
2350 -123.476
2355 -116.113
2360 -109.871
2365 -119.783
2370 -117.164
2375 -112.321
2380 -107.512
2385 -115.389
2390 -113.300
2395 -114.492
2400 -113.723
2405 -106.792
2410 -122.015
2415 -116.609
2420 -117.361
2425 -119.681
2430 -115.953
2435 -116.698
2440 -108.499
2445 -119.927
2450 -123.541
2455 -117.767
2460 -121.076
2465 -118.433
2470 -122.927
2475 -122.470
2480 -118.079
2485 -114.512
2490 -113.939
2495 -126.345
2500 -124.193
2505 -122.707
2510 -116.199
2515 -113.582
2520 -116.513
2525 -112.796
2530 -114.812
2535 -115.461
2540 -114.712
2545 -121.326
2550 -116.583
2555 -113.040
2560 -121.674
2565 -122.839
2570 -114.063
2575 -116.392
2580 -122.258
2585 -108.716
2590 -111.989
2595 -110.331
2600 -110.473
2605 -114.336
2610 -117.085
2615 -115.942
2620 -121.104
2625 -117.840
2630 -117.294
2635 -117.078
2640 -113.702
2645 -111.736
2650 -114.157
2655 -116.188
2660 -116.121
2665 -112.084
2670 -117.523
2675 -121.250
2680 -120.301
2685 -120.052
2690 -116.388
2695 -111.397
2700 -114.554
2705 -113.144
2710 -113.534
2715 -118.016
2720 -117.282
2725 -112.933
2730 -114.014
2735 -110.683
2740 -117.095
2745 -117.381
2750 -115.317
2755 -103.029
2760 -119.349
2765 -123.547
2770 -117.963
2775 -119.056
2780 -120.628
2785 -122.758
2790 -121.575
2795 -119.399
2800 -115.893
2805 -116.857
2810 -108.372
2815 -111.878
2820 -117.188
2825 -109.392
2830 -117.522
2835 -116.214
2840 -114.506
2845 -120.169
2850 -116.351
2855 -120.963
2860 -118.651
2865 -120.333
2870 -119.302
2875 -120.298
2880 -121.987
2885 -119.779
2890 -110.303
2895 -105.801
2900 -115.900
2905 -116.088
2910 -109.624
2915 -116.555
2920 -117.352
2925 -115.347
2930 -116.802
2935 -116.616
2940 -115.561
2945 -113.444
2950 -111.051
2955 -115.596
2960 -117.895
2965 -116.580
2970 -120.121
2975 -116.697
2980 -112.834
2985 -111.658
2990 -113.707
2995 -115.525
3000 -117.677
3005 -122.650
3010 -116.659
3015 -119.415
3020 -112.533
3025 -119.213
3030 -108.471
3035 -116.904
3040 -116.958
3045 -116.380
3050 -113.515
3055 -120.282
3060 -111.078
3065 -112.688
3070 -105.540
3075 -115.405
3080 -114.519
3085 -112.884
3090 -108.989
3095 -113.527
3100 -110.863
3105 -111.310
3110 -121.150
3115 -119.140
3120 -115.744
3125 -115.727
3130 -118.206
3135 -123.310
3140 -117.929
3145 -113.750
3150 -114.005
3155 -116.655
3160 -112.883
3165 -118.838
3170 -114.234
3175 -116.784
3180 -109.070
3185 -119.575
3190 -110.662
3195 -112.148
3200 -112.331
3205 -113.777
3210 -124.995
3215 -121.708
3220 -120.799
3225 -121.476
3230 -115.289
3235 -111.338
3240 -120.627
3245 -117.138
3250 -119.599
3255 -114.968
3260 -115.023
3265 -118.307
3270 -125.520
3275 -120.647
3280 -121.217
3285 -114.481
3290 -111.307
3295 -120.194
3300 -112.167
3305 -116.073
3310 -114.050
3315 -109.999
3320 -116.414
3325 -104.641
3330 -116.934
3335 -115.252
3340 -107.775
3345 -113.346
3350 -120.627
3355 -114.861
3360 -111.824
3365 -106.236
3370 -118.675
3375 -118.873
3380 -113.996
3385 -117.689
3390 -121.939
3395 -116.593
3400 -111.338
3405 -116.160
3410 -111.712
3415 -119.828
3420 -113.448
3425 -109.407
3430 -109.311
3435 -112.126
3440 -107.214
3445 -117.668
3450 -112.981
3455 -109.458
3460 -118.725
3465 -115.328
3470 -114.093
3475 -114.626
3480 -115.917
3485 -111.063
3490 -110.869
3495 -111.929
3500 -116.557
3505 -116.700
3510 -117.291
3515 -124.674
3520 -116.914
3525 -115.883
3530 -112.105
3535 -106.946
3540 -110.927
3545 -108.179
3550 -110.901
3555 -118.674
3560 -112.385
3565 -115.503
3570 -112.341
3575 -116.898
3580 -124.979
3585 -115.339
3590 -119.567
3595 -118.216
3600 -119.711
3605 -117.351
3610 -121.131
3615 -119.897
3620 -121.502
3625 -117.069
3630 -118.563
3635 -119.348
3640 -116.678
3645 -121.125
3650 -116.268
3655 -121.515
3660 -122.882
3665 -113.565
3670 -117.483
3675 -123.414
3680 -119.703
3685 -121.235
3690 -117.922
3695 -112.803
3700 -108.243
3705 -108.258
3710 -110.874
3715 -113.064
3720 -107.308
3725 -111.780
3730 -119.464
3735 -108.638
3740 -114.771
3745 -118.268
3750 -117.154
3755 -121.080
3760 -109.536
3765 -120.823
3770 -117.814
3775 -122.140
3780 -108.888
3785 -111.724
3790 -111.060
3795 -111.313
3800 -117.761
3805 -116.746
3810 -114.995
3815 -120.499
3820 -112.895
3825 -116.994
3830 -119.724
3835 -117.581
3840 -108.610
3845 -118.358
3850 -110.478
3855 -123.141
3860 -116.052
3865 -121.031
3870 -116.678
3875 -122.349
3880 -121.147
3885 -118.561
3890 -117.196
3895 -114.104
3900 -117.026
3905 -117.479
3910 -120.686
3915 -115.662
3920 -114.221
3925 -116.211
3930 -115.705
3935 -117.145
3940 -117.178
3945 -114.494
3950 -112.913
3955 -108.663
3960 -112.020
3965 -109.754
3970 -118.499
3975 -120.911
3980 -122.403
3985 -120.173
3990 -115.728
3995 -118.697
4000 -113.639
