    Step      Energy    Pressure     Density
             kcal/mol     psi        volume
       25   -118.211      0.461      0.600
       50   -115.125      0.516      0.600
       75   -111.314      0.583      0.600
      100   -111.267      0.602      0.600
      125   -103.931      0.700      0.600
      150   -115.182      0.534      0.600
      175   -117.410      0.483      0.600
      200   -117.733      0.462      0.600
      225   -117.289      0.460      0.600
      250   -117.525      0.449      0.600
      275   -121.477      0.387      0.600
      300   -123.086      0.365      0.600
      325   -118.499      0.432      0.600
      350   -115.217      0.482      0.600
      375   -114.877      0.494      0.600
      400   -110.984      0.555      0.600
      425   -109.597      0.571      0.600
      450   -115.239      0.484      0.600
      475   -115.514      0.472      0.600
      500   -116.666      0.453      0.600
      525   -115.225      0.475      0.600
      550   -116.099      0.463      0.600
      575   -118.040      0.430      0.600
      600   -116.568      0.439      0.600
      625   -121.283      0.369      0.600
      650   -120.983      0.368      0.600
      675   -122.246      0.354      0.600
      700   -115.933      0.443      0.600
      725   -117.563      0.421      0.600
      750   -120.475      0.379      0.600
      775   -117.922      0.414      0.600
      800   -116.469      0.437      0.600
      825   -113.722      0.477      0.600
      850   -113.360      0.480      0.600
      875   -120.192      0.387      0.600
      900   -119.432      0.401      0.600
      925   -116.639      0.454      0.600
      950   -112.381      0.530      0.600
      975   -110.849      0.568      0.600
     1000   -110.950      0.573      0.600
     1025   -115.163      0.507      0.600
     1050   -116.060      0.481      0.600
     1075   -118.488      0.439      0.600
     1100   -116.700      0.457      0.600
     1125   -120.513      0.390      0.600
     1150   -128.061      0.273      0.600
     1175   -125.496      0.314      0.600
     1200   -114.715      0.476      0.600
     1225   -116.975      0.463      0.600
     1250   -118.785      0.451      0.600
     1275   -117.178      0.486      0.600
     1300   -114.551      0.534      0.600
     1325   -112.765      0.562      0.600
     1350   -114.588      0.531      0.600
     1375   -114.216      0.525      0.600
     1400   -118.880      0.448      0.600
     1425   -124.186      0.372      0.600
     1450   -119.234      0.448      0.600
     1475   -113.946      0.530      0.600
     1500   -114.125      0.531      0.600
     1525   -110.522      0.578      0.600
     1550   -109.052      0.592      0.600
     1575   -112.048      0.544      0.600
     1600   -112.430      0.533      0.600
     1625   -112.135      0.534      0.600
     1650   -111.900      0.528      0.600
     1675   -113.599      0.486      0.600
     1700   -122.490      0.350      0.600
     1725   -121.659      0.360      0.600
     1750   -117.205      0.435      0.600
     1775   -114.090      0.491      0.600
     1800   -115.540      0.470      0.600
     1825   -120.650      0.390      0.600
     1850   -120.452      0.384      0.600
     1875   -111.265      0.504      0.600
     1900   -116.074      0.435      0.600
     1925   -119.486      0.387      0.600
     1950   -119.170      0.393      0.600
     1975   -122.110      0.356      0.600
     2000   -119.892      0.391      0.600
     2025   -117.981      0.422      0.600
     2050   -118.074      0.425      0.600
     2075   -115.675      0.458      0.600
     2100   -117.056      0.433      0.600
     2125   -122.195      0.355      0.600
     2150   -119.125      0.395      0.600
     2175   -113.982      0.469      0.600
     2200   -119.429      0.404      0.600
     2225   -116.953      0.445      0.600
     2250   -115.857      0.466      0.600
     2275   -113.469      0.504      0.600
     2300   -112.349      0.522      0.600
     2325   -117.456      0.449      0.600
     2350   -119.279      0.413      0.600
     2375   -123.580      0.353      0.600
     2400   -113.062      0.502      0.600
     2425   -115.774      0.479      0.600
     2450   -115.587      0.494      0.600
     2475   -113.950      0.528      0.600
     2500   -117.903      0.478      0.600
     2525   -115.672      0.504      0.600
     2550   -116.356      0.486      0.600
     2575   -118.292      0.446      0.600
     2600   -114.664      0.486      0.600
     2625   -112.794      0.511      0.600
     2650   -115.004      0.483      0.600
     2675   -115.793      0.470      0.600
     2700   -113.599      0.497      0.600
     2725   -108.773      0.561      0.600
     2750   -106.250      0.591      0.600
     2775   -112.755      0.497      0.600
     2800   -117.182      0.433      0.600
     2825   -116.638      0.447      0.600
     2850   -114.214      0.492      0.600
     2875   -115.688      0.482      0.600
     2900   -119.692      0.430      0.600
     2925   -116.505      0.468      0.600
     2950   -117.473      0.451      0.600
     2975   -115.326      0.486      0.600
     3000   -105.122      0.630      0.600
     3025   -112.510      0.526      0.600
     3050   -114.596      0.490      0.600
     3075   -109.647      0.553      0.600
     3100   -115.331      0.479      0.600
     3125   -111.524      0.535      0.600
     3150   -113.896      0.505      0.600
     3175   -120.643      0.414      0.600
     3200   -116.671      0.472      0.600
     3225   -114.265      0.511      0.600
     3250   -115.262      0.491      0.600
     3275   -121.069      0.395      0.600
     3300   -121.908      0.370      0.600
     3325   -122.714      0.355      0.600
     3350   -120.448      0.391      0.600
     3375   -111.658      0.519      0.600
     3400   -114.610      0.479      0.600
     3425   -120.394      0.389      0.600
     3450   -120.019      0.390      0.600
     3475   -118.397      0.419      0.600
     3500   -113.546      0.491      0.600
     3525   -115.617      0.468      0.600
     3550   -117.502      0.450      0.600
     3575   -116.755      0.470      0.600
     3600   -118.091      0.460      0.600
     3625   -121.380      0.419      0.600
     3650   -119.667      0.454      0.600
     3675   -106.907      0.640      0.600
     3700   -112.035      0.569      0.600
     3725   -117.534      0.476      0.600
     3750   -114.546      0.496      0.600
     3775   -114.266      0.481      0.600
     3800   -114.732      0.459      0.600
     3825   -121.192      0.364      0.600
     3850   -122.128      0.356      0.600
     3875   -111.826      0.511      0.600
     3900   -111.335      0.528      0.600
     3925   -119.268      0.421      0.600
     3950   -113.135      0.503      0.600
     3975   -112.260      0.520      0.600
     4000   -111.970      0.527      0.600
     4025   -111.021      0.541      0.600
     4050   -113.590      0.500      0.600
     4075   -122.089      0.381      0.600
     4100   -117.005      0.458      0.600
     4125   -111.735      0.538      0.600
     4150   -111.037      0.544      0.600
     4175   -109.524      0.550      0.600
     4200   -119.945      0.397      0.600
     4225   -117.735      0.421      0.600
     4250   -115.719      0.453      0.600
     4275   -115.141      0.470      0.600
     4300   -105.050      0.610      0.600
     4325   -111.671      0.519      0.600
     4350   -118.065      0.431      0.600
     4375   -118.538      0.430      0.600
     4400   -115.685      0.472      0.600
     4425   -111.667      0.521      0.600
     4450   -116.465      0.449      0.600
     4475   -113.878      0.476      0.600
     4500   -113.530      0.470      0.600
     4525   -121.869      0.344      0.600
     4550   -122.253      0.333      0.600
     4575   -118.828      0.395      0.600
     4600   -107.082      0.576      0.600
     4625   -110.485      0.549      0.600
     4650   -108.914      0.582      0.600
     4675   -103.511      0.654      0.600
     4700   -112.374      0.517      0.600
     4725   -116.634      0.439      0.600
     4750   -115.902      0.438      0.600
     4775   -114.897      0.444      0.600
     4800   -120.506      0.370      0.600
     4825   -117.857      0.421      0.600
     4850   -111.243      0.533      0.600
     4875   -110.710      0.557      0.600
     4900   -109.028      0.581      0.600
     4925   -112.287      0.529      0.600
     4950   -113.222      0.503      0.600
     4975   -116.932      0.452      0.600
     5000   -112.888      0.516      0.600
     5025   -114.633      0.512      0.600
     5050   -110.615      0.587      0.600
     5075   -107.994      0.626      0.600
     5100   -117.435      0.486      0.600
     5125   -118.112      0.459      0.600
     5150   -121.095      0.403      0.600
     5175   -123.681      0.351      0.600
     5200   -119.648      0.398      0.600
     5225   -113.134      0.478      0.600
     5250   -117.563      0.410      0.600
     5275   -116.119      0.429      0.600
     5300   -113.059      0.478      0.600
     5325   -113.222      0.487      0.600
     5350   -113.005      0.499      0.600
     5375   -120.805      0.401      0.600
     5400   -120.332      0.416      0.600
     5425   -117.298      0.465      0.600
     5450   -117.341      0.459      0.600
     5475   -120.976      0.395      0.600
     5500   -120.556      0.393      0.600
     5525   -118.664      0.418      0.600
     5550   -115.812      0.459      0.600
     5575   -113.073      0.499      0.600
     5600   -115.101      0.469      0.600
     5625   -118.551      0.421      0.600
     5650   -117.440      0.433      0.600
     5675   -122.205      0.369      0.600
     5700   -119.889      0.408      0.600
     5725   -114.066      0.492      0.600
     5750   -116.141      0.465      0.600
     5775   -114.856      0.484      0.600
     5800   -111.562      0.533      0.600
     5825   -115.247      0.485      0.600
     5850   -116.407      0.465      0.600
     5875   -116.692      0.458      0.600
     5900   -112.545      0.510      0.600
     5925   -116.164      0.457      0.600
     5950   -117.373      0.434      0.600
     5975   -114.279      0.467      0.600
     6000   -116.866      0.428      0.600
     6025   -116.825      0.425      0.600
     6050   -121.710      0.366      0.600
     6075   -118.833      0.431      0.600
     6100   -108.662      0.599      0.600
     6125   -104.103      0.675      0.600
     6150   -108.192      0.619      0.600
     6175   -108.325      0.604      0.600
     6200   -107.909      0.585      0.600
     6225   -116.988      0.437      0.600
     6250   -117.100      0.421      0.600
     6275   -114.093      0.461      0.600
     6300   -119.517      0.393      0.600
     6325   -119.949      0.396      0.600
     6350   -115.416      0.472      0.600
     6375   -114.649      0.501      0.600
     6400   -109.420      0.581      0.600
     6425   -110.176      0.571      0.600
     6450   -113.757      0.506      0.600
     6475   -121.252      0.381      0.600
     6500   -119.303      0.396      0.600
     6525   -114.148      0.470      0.600
     6550   -112.874      0.500      0.600
     6575   -111.493      0.522      0.600
     6600   -113.389      0.491      0.600
     6625   -119.735      0.404      0.600
     6650   -116.323      0.454      0.600
     6675   -114.230      0.489      0.600
     6700   -112.372      0.510      0.600
     6725   -120.674      0.390      0.600
     6750   -122.044      0.370      0.600
     6775   -114.485      0.482      0.600
     6800   -111.259      0.533      0.600
     6825   -117.781      0.446      0.600
     6850   -120.240      0.411      0.600
     6875   -120.656      0.407      0.600
     6900   -117.424      0.458      0.600
     6925   -113.790      0.510      0.600
     6950   -114.955      0.486      0.600
     6975   -119.873      0.410      0.600
     7000   -120.165      0.404      0.600
     7025   -112.997      0.502      0.600
     7050   -115.071      0.478      0.600
     7075   -111.535      0.530      0.600
     7100   -110.238      0.561      0.600
     7125   -111.228      0.555      0.600
     7150   -115.388      0.491      0.600
     7175   -120.901      0.409      0.600
     7200   -120.313      0.415      0.600
     7225   -119.139      0.427      0.600
     7250   -114.845      0.473      0.600
     7275   -118.239      0.411      0.600
     7300   -122.138      0.345      0.600
     7325   -122.123      0.349      0.600
     7350   -117.460      0.427      0.600
     7375   -114.098      0.480      0.600
     7400   -119.623      0.403      0.600
     7425   -120.416      0.387      0.600
     7450   -117.210      0.432      0.600
     7475   -119.269      0.407      0.600
     7500   -122.595      0.367      0.600
     7525   -117.743      0.448      0.600
     7550   -108.496      0.590      0.600
     7575   -111.964      0.554      0.600
     7600   -113.867      0.530      0.600
     7625   -115.238      0.510      0.600
     7650   -117.895      0.477      0.600
     7675   -115.175      0.519      0.600
     7700   -114.899      0.533      0.600
     7725   -106.705      0.649      0.600
     7750   -109.619      0.607      0.600
     7775   -118.508      0.470      0.600
     7800   -123.850      0.380      0.600
     7825   -120.047      0.425      0.600
     7850   -117.613      0.453      0.600
     7875   -121.065      0.401      0.600
     7900   -114.457      0.492      0.600
     7925   -111.381      0.543      0.600
     7950   -110.043      0.567      0.600
     7975   -116.160      0.491      0.600
     8000   -115.685      0.502      0.600
     8025   -115.860      0.506      0.600
     8050   -112.443      0.559      0.600
     8075   -110.250      0.595      0.600
     8100   -113.208      0.559      0.600
     8125   -117.417      0.506      0.600
     8150   -111.282      0.594      0.600
     8175   -109.678      0.621      0.600
     8200   -114.966      0.536      0.600
     8225   -123.192      0.401      0.600
     8250   -120.766      0.414      0.600
     8275   -119.717      0.418      0.600
     8300   -118.558      0.430      0.600
     8325   -113.265      0.508      0.600
     8350   -113.801      0.515      0.600
     8375   -109.729      0.582      0.600
     8400   -106.412      0.630      0.600
     8425   -111.364      0.559      0.600
     8450   -117.736      0.471      0.600
     8475   -116.480      0.494      0.600
     8500   -107.922      0.621      0.600
     8525   -108.568      0.609      0.600
     8550   -115.568      0.493      0.600
     8575   -114.616      0.483      0.600
     8600   -116.558      0.444      0.600
     8625   -115.885      0.444      0.600
     8650   -120.456      0.373      0.600
     8675   -123.349      0.333      0.600
     8700   -120.308      0.386      0.600
     8725   -117.251      0.443      0.600
     8750   -112.701      0.513      0.600
     8775   -110.893      0.540      0.600
     8800   -114.645      0.487      0.600
     8825   -122.014      0.379      0.600
     8850   -123.124      0.364      0.600
     8875   -115.953      0.471      0.600
     8900   -117.137      0.459      0.600
     8925   -120.773      0.404      0.600
     8950   -121.499      0.393      0.600
     8975   -118.941      0.438      0.600
     9000   -112.550      0.541      0.600
     9025   -109.981      0.582      0.600
     9050   -120.935      0.441      0.600
     9075   -112.611      0.569      0.600
     9100   -111.018      0.610      0.600
     9125   -107.519      0.664      0.600
     9150   -109.788      0.625      0.600
     9175   -118.589      0.478      0.600
     9200   -123.799      0.381      0.600
     9225   -122.026      0.392      0.600
     9250   -121.070      0.407      0.600
     9275   -119.730      0.437      0.600
     9300   -117.957      0.476      0.600
     9325   -114.173      0.537      0.600
     9350   -110.962      0.584      0.600
     9375   -113.874      0.542      0.600
     9400   -118.736      0.473      0.600
     9425   -120.176      0.456      0.600
     9450   -115.772      0.529      0.600
     9475   -111.143      0.606      0.600
     9500   -113.256      0.581      0.600
     9525   -116.961      0.523      0.600
     9550   -117.542      0.510      0.600
     9575   -115.731      0.528      0.600
     9600   -116.467      0.507      0.600
     9625   -120.622      0.439      0.600
     9650   -119.446      0.451      0.600
     9675   -114.685      0.522      0.600
     9700   -111.146      0.577      0.600
     9725   -114.900      0.528      0.600
     9750   -109.899      0.585      0.600
     9775   -115.774      0.495      0.600
     9800   -111.424      0.543      0.600
     9825   -109.003      0.567      0.600
     9850   -112.965      0.505      0.600
     9875   -112.355      0.503      0.600
     9900   -123.171      0.359      0.600
     9925   -118.555      0.430      0.600
     9950   -114.556      0.499      0.600
     9975   -109.869      0.564      0.600
    10000   -119.412      0.423      0.600
    10025   -122.496      0.371      0.600
    10050   -111.411      0.523      0.600
    10075   -110.844      0.532      0.600
    10100   -115.119      0.469      0.600
    10125   -117.144      0.437      0.600
    10150   -116.736      0.442      0.600
    10175   -112.848      0.498      0.600
    10200   -111.987      0.509      0.600
    10225   -114.620      0.470      0.600
    10250   -113.966      0.477      0.600
    10275   -114.380      0.469      0.600
    10300   -113.498      0.479      0.600
    10325   -108.830      0.540      0.600
    10350   -115.162      0.450      0.600
    10375   -121.434      0.360      0.600
    10400   -119.105      0.396      0.600
    10425   -115.221      0.462      0.600
    10450   -115.201      0.476      0.600
    10475   -113.693      0.502      0.600
    10500   -113.481      0.502      0.600
    10525   -112.429      0.506      0.600
    10550   -121.357      0.374      0.600
    10575   -125.383      0.321      0.600
    10600   -120.535      0.401      0.600
    10625   -119.841      0.427      0.600
    10650   -114.146      0.526      0.600
    10675   -102.158      0.705      0.600
    10700   -110.875      0.589      0.600
    10725   -113.401      0.549      0.600
    10750   -110.271      0.584      0.600
    10775   -115.574      0.506      0.600
    10800   -116.972      0.485      0.600
    10825   -115.159      0.517      0.600
    10850   -112.812      0.562      0.600
    10875   -109.103      0.623      0.600
    10900   -115.862      0.538      0.600
    10925   -115.972      0.529      0.600
    10950   -114.137      0.535      0.600
    10975   -123.219      0.389      0.600
    11000   -126.077      0.349      0.600
    11025   -115.478      0.508      0.600
    11050   -113.768      0.547      0.600
    11075   -109.577      0.602      0.600
    11100   -112.654      0.546      0.600
    11125   -120.989      0.419      0.600
    11150   -120.116      0.427      0.600
    11175   -117.390      0.476      0.600
    11200   -113.232      0.544      0.600
    11225   -114.144      0.539      0.600
    11250   -115.062      0.526      0.600
    11275   -115.632      0.511      0.600
    11300   -113.040      0.528      0.600
    11325   -117.642      0.443      0.600
    11350   -123.683      0.348      0.600
    11375   -123.708      0.355      0.600
    11400   -110.946      0.545      0.600
    11425   -115.008      0.500      0.600
    11450   -112.776      0.531      0.600
    11475   -110.512      0.562      0.600
    11500   -111.992      0.532      0.600
    11525   -120.461      0.408      0.600
    11550   -123.150      0.380      0.600
    11575   -117.301      0.480      0.600
    11600   -115.028      0.533      0.600
    11625   -108.548      0.626      0.600
    11650   -117.351      0.495      0.600
    11675   -117.152      0.470      0.600
    11700   -117.018      0.454      0.600
    11725   -114.555      0.476      0.600
    11750   -118.230      0.429      0.600
    11775   -112.756      0.510      0.600
    11800   -112.989      0.509      0.600
    11825   -116.690      0.452      0.600
    11850   -115.820      0.458      0.600
    11875   -111.629      0.512      0.600
    11900   -113.192      0.480      0.600
    11925   -123.751      0.323      0.600
    11950   -125.021      0.307      0.600
    11975   -116.804      0.438      0.600
    12000   -108.836      0.562      0.600
    12025   -112.289      0.519      0.600
    12050   -114.524      0.478      0.600
    12075   -117.765      0.425      0.600
    12100   -116.551      0.441      0.600
    12125   -121.548      0.383      0.600
    12150   -118.999      0.429      0.600
    12175   -113.007      0.518      0.600
    12200   -115.626      0.478      0.600
    12225   -119.744      0.408      0.600
    12250   -122.543      0.367      0.600
    12275   -117.571      0.438      0.600
    12300   -118.605      0.429      0.600
    12325   -115.142      0.478      0.600
    12350   -113.843      0.499      0.600
    12375   -116.502      0.464      0.600
    12400   -112.452      0.514      0.600
    12425   -118.148      0.429      0.600
    12450   -123.150      0.344      0.600
    12475   -122.596      0.337      0.600
    12500   -123.513      0.322      0.600
    12525   -120.714      0.365      0.600
    12550   -116.994      0.421      0.600
    12575   -118.694      0.398      0.600
    12600   -121.399      0.352      0.600
    12625   -124.700      0.301      0.600
    12650   -124.625      0.301      0.600
    12675   -126.314      0.287      0.600
    12700   -120.905      0.381      0.600
    12725   -112.159      0.523      0.600
    12750   -115.045      0.499      0.600
    12775   -113.504      0.516      0.600
    12800   -116.496      0.463      0.600
    12825   -121.010      0.399      0.600
    12850   -115.524      0.477      0.600
    12875   -112.501      0.510      0.600
    12900   -121.971      0.370      0.600
    12925   -120.178      0.392      0.600
    12950   -116.592      0.448      0.600
    12975   -115.566      0.469      0.600
    13000   -117.556      0.446      0.600
    13025   -116.831      0.453      0.600
    13050   -121.908      0.386      0.600
    13075   -121.032      0.400      0.600
    13100   -119.043      0.421      0.600
    13125   -119.967      0.395      0.600
    13150   -117.665      0.414      0.600
    13175   -118.957      0.395      0.600
    13200   -115.945      0.438      0.600
    13225   -116.621      0.428      0.600
    13250   -115.608      0.440      0.600
    13275   -113.590      0.464      0.600
    13300   -118.668      0.389      0.600
    13325   -121.815      0.341      0.600
    13350   -118.699      0.386      0.600
    13375   -113.273      0.468      0.600
    13400   -107.031      0.552      0.600
    13425   -118.765      0.393      0.600
    13450   -114.723      0.452      0.600
    13475   -114.754      0.466      0.600
    13500   -117.016      0.451      0.600
    13525   -113.232      0.518      0.600
    13550   -118.545      0.459      0.600
    13575   -120.760      0.441      0.600
    13600   -115.220      0.534      0.600
    13625   -114.619      0.556      0.600
    13650   -114.006      0.563      0.600
    13675   -117.935      0.504      0.600
    13700   -115.967      0.524      0.600
    13725   -111.904      0.571      0.600
    13750   -107.320      0.619      0.600
    13775   -114.028      0.515      0.600
    13800   -118.471      0.444      0.600
    13825   -115.784      0.480      0.600
    13850   -119.397      0.440      0.600
    13875   -116.673      0.491      0.600
    13900   -109.633      0.595      0.600
    13925   -113.518      0.541      0.600
    13950   -112.532      0.541      0.600
    13975   -114.521      0.500      0.600
    14000   -118.191      0.438      0.600
    14025   -117.172      0.441      0.600
    14050   -117.368      0.438      0.600
    14075   -115.309      0.467      0.600
    14100   -116.380      0.454      0.600
    14125   -118.503      0.428      0.600
    14150   -115.981      0.465      0.600
    14175   -114.099      0.492      0.600
    14200   -117.342      0.446      0.600
    14225   -120.188      0.408      0.600
    14250   -118.063      0.445      0.600
    14275   -113.554      0.512      0.600
    14300   -111.855      0.532      0.600
    14325   -113.568      0.498      0.600
    14350   -119.355      0.412      0.600
    14375   -114.305      0.485      0.600
    14400   -108.491      0.581      0.600
    14425   -107.074      0.605      0.600
    14450   -112.418      0.522      0.600
    14475   -118.453      0.427      0.600
    14500   -120.054      0.398      0.600
    14525   -117.229      0.435      0.600
    14550   -113.830      0.482      0.600
    14575   -116.531      0.449      0.600
    14600   -114.310      0.485      0.600
    14625   -113.761      0.497      0.600
    14650   -114.890      0.482      0.600
    14675   -116.383      0.461      0.600
    14700   -117.403      0.450      0.600
    14725   -115.585      0.480      0.600
    14750   -111.874      0.529      0.600
    14775   -116.411      0.463      0.600
    14800   -115.919      0.466      0.600
    14825   -114.682      0.484      0.600
    14850   -110.402      0.541      0.600
    14875   -113.380      0.503      0.600
    14900   -114.155      0.498      0.600
    14925   -109.023      0.574      0.600
    14950   -109.955      0.558      0.600
    14975   -113.001      0.500      0.600
    15000   -117.092      0.422      0.600
