4.041350644586418
1.8988914116343076
1.6856984082945716
1.8746503723741215
0.6633854661555922
3.7086637019238275
4.668121391375875
3.290811552109834
2.9166122711970788
3.6632265633707606
2.3386982574215587
4.929225243473056
2.643176823845645
2.7304665396546124
3.4500661768790586
1.282001086422711
3.9247069979356897
3.149906733149971
3.618763454481197
2.301864841915011
1.9268194090070034
1.0041012235524176
4.2476258957558
2.291333426877879
3.667441569997049
2.310771989074192
4.251393838544253
2.8380566039659714
2.7656735428740635
4.061884123132352
3.2904541545314023
3.5492231256133575
4.5775562876242315
1.5093208537263398
3.0360989839142545
3.040512419475513
2.2737874719867643
1.975059679370372
2.1655248230065056
5.037837647326802
3.4039620830557404
2.6066913539871646
3.5004711962338573
1.9135661654640321
3.572225854951562
2.1330241746083836
3.3338398613195155
4.343780811603047
2.071228866565721
2.1624887413716247
2.0035324565229464
3.9822903049602623
2.0918712501835115
3.2861576099531176
2.761491784920767
1.7362818154142914
3.4521910914319034
4.093839045544718
3.523784120791769
3.814555863960367
4.668699747792821
1.9110002364314878
2.1707346243955623
3.249193115313866
4.143198516877703
2.8138136248844265
3.4395237252992352
2.933685065094933
2.6501112378922924
1.4144352433527079
3.166845783382326
2.564697039708921
1.7535665310533881
2.7121765421914636
3.539817960217861
3.5026517619356037
3.6287076825350013
1.9315547764793426
2.9214675799610172
1.72378420358306
4.305478322080261
2.374092141849579
2.8948046420082885
3.2939722985606883
2.046538366940006
3.7303397533080265
3.2611529765009033
2.305703605422277
1.5202966574399681
1.788583515721357
3.82107063814328
0.9287425435328114
4.250233783635387
4.139354375826628
4.353057925820677
2.8126115370262394
3.073877752622284
3.9532028540998168
1.9786247580983463
2.67577762837569
3.985149803898291
2.483241339288995
4.564740869243994
1.7689906250564253
4.035111576495642
3.34131034505845
1.8411829190575035
2.2234969256814163
0.7022483690884687
2.20644346577118
1.393502924875644
4.264163458246369
3.5213855428606147
3.077472601709279
2.514912238427388
2.8631203550090425
3.6493242049866184
3.043618888693307
2.7738813875683026
0.8592406899471854
1.6324376090409947
3.00275007057206
1.3308591165428234
3.1266515611926082
1.8276267844088059
3.492120374013885
2.960622501709245
4.398020822628726
4.522177724199139
2.9064448122122775
4.274620480791117
1.2986807891535272
4.490296623123967
3.4951306711988037
2.2295417992983824
1.5886799754514007
2.2859028085385598
3.7592887423831174
3.704721760326677
3.6440556297560045
1.6553962319986308
3.6408768722493705
3.2072361064331556
5.186218486130009
2.211822830974606
3.1271692981854824
4.718494842896303
2.6983760065474844
4.467992170656256
3.1344874534627563
4.139478047401631
5.02771401560629
4.590320617768945
2.4932770150531876
4.729067316446283
4.855915643988888
2.344922305681375
2.0647883363312234
3.400864346430835
3.7731765015294236
2.8061387053157487
2.738465545889481
2.8202155268945726
3.843865407209786
5.371908027262354
3.0048252186976208
2.366786277278142
3.1625538554619013
2.7734654591016663
2.241632827062627
3.296554768774753
2.470158198713319
4.03654878072134
4.030672225791836
2.588038858906694
3.125185169521824
4.463631936072828
2.4663563176269494
2.9127445814064843
3.323896185804145
4.700619937157194
3.8575696420078205
3.4743092227977033
3.0562283943842528
3.329193798944105
2.8737580405406273
4.460029752069742
3.7285612351762842
3.812269248356702
1.6683255484152504
4.797586325876934
2.4615601853491067
3.0811529105475466
2.125924491703204
2.6117043046482644
3.332935032074178
4.268060452590072
4.14412849559832
3.586199572324303
4.015869292448325
2.461141279423918
4.768888860594733
4.192876013002253
4.989516622344919
2.848491080428198
2.7909606886439096
1.758424635744132
2.459964273946353
2.311726829229814
3.90930272782343
4.998055137309675
2.7182722988311725
4.761771450821071
4.553770814200847
3.609218265351778
2.630739963114712
3.443047648327149
1.0610900916507473
2.614122648847556
3.785284701811873
3.284523547495608
3.9166550113120735
2.597847838736912
2.5088043543031895
2.701770111220227
1.7691687030917458
1.7161716414188495
1.5667072685834642
3.429863695967259
4.057812626225752
3.2902842672244383
3.5265248894379235
2.5181145015328017
3.5753941833924228
3.5128500036704238
4.970196744446081
3.3872150813727675
2.2700430866713344
1.0687260913034042
3.5532138131338806
2.3979981479955574
3.5099635281378463
3.877053635609686
5.064607027047137
2.288313200181998
2.9813236266442726
1.4590423837054352
3.0276853805733968
1.0797213672686676
2.737892115554299
4.191207475214971
3.313006462968584
2.38772075652713
2.7761117565321003
1.416426361636164
1.7880037770238926
3.318747553930905
2.1479021736537534
1.599414705320551
2.6990406763475923
3.622795931212633
5.0981712824538565
2.1219580754920093
1.8574656907089668
1.7436412336601075
4.2177684987888515
2.0957531705444428
2.20597314521266
2.4458160612295705
3.699796404802098
3.588190983652953
3.2111868722791357
0.7286869692779661
4.1811457235976155
4.243677508684556
4.133314161156179
3.9106658539468313
5.058048992288086
3.227363562191344
2.769437476447729
4.3896450384947725
3.6210248576568462
3.83029740701023
2.813836670056976
4.686102332975172
2.2617905508449967
2.3838213492226834
3.129559790101582
2.738309059007857
3.752252026586677
3.0175631987090323
4.45517451690118
3.963590155960239
2.467970957777573
3.3530944961131
2.8426953956502747
3.7675826882378525
2.293298218665707
2.7225965451013745
3.71443321236521
2.500644443732709
1.8832281448690091
3.0298364098662103
2.831898487493099
2.4319919220862163
2.8099901653483013
0.6782615272320012
3.401720247179907
2.646802743935328
3.4639864098527293
4.355668569170805
4.711489844362207
4.72855985247849
3.2276176465315185
3.6742555657113765
1.692531527518253
1.81526562322796
1.639840341715745
3.6499218379743716
1.5691308866284819
4.09759218302081
3.05435559916893
3.0092291814304932
3.1595932249555094
3.371554127607262
3.572217806774381
1.6513934154356606
4.01894871001428
2.761215496380036
3.3625707096264974
3.0531162953292874
4.576104833309369
2.6082322685209887
2.865758966146298
3.6759650978489407
2.913917358401686
1.2925440907412986
4.112271765376131
3.4822875252909493
3.3889778386416105
1.107209533816409
6.159252675528969
5.837074227572062
3.6744250026761986
1.3669161099062377
3.7407152744512917
3.9561322320888466
2.961259847111236
3.834978635521266
2.344718433779337
3.183303151794965
1.8284313445674143
2.809093997103287
4.0168171698390385
2.8725422033553296
3.4250238895301512
2.448719479377327
1.316195094617039
4.129851458561828
1.905386273014938
2.6788070579303027
3.2810190957758447
3.3101997981827145
3.896170577319556
3.2864812916840913
1.7076126361784105
2.00299339314296
2.6340653666738056
1.1699369174059062
2.709408841142918
2.5491508963107674
3.3810067394553394
3.5204964741111415
2.020963678724722
3.4390396427468923
2.2567021569657784
3.525141880163478
2.0027615970973933
2.7884273067521317
4.010478545242542
0.26422913155277117
2.6478444663388916
2.2919501712314263
2.677938375599664
4.018851135392466
2.9002757536732093
3.8501568948346807
4.57594855663419
3.793558340007981
2.5405611356114486
4.291461631787923
1.8954680940821629
2.8519536072879625
2.7831630691001537
3.5777317940607043
3.60105726718788
2.405962955914124
3.0639479058177446
2.8108103212257083
4.044666555231028
2.3293647157868254
2.651042274746316
3.4786139826073224
4.290860282508272
2.9322363193511216
0.6946870198910764
1.7327711530815337
2.7990843596482295
2.823744373279844
4.413357109058618
2.912497724744132
1.999417163975896
2.91414050411791
2.275533666745601
2.745509876082367
1.7294484357003417
3.5538095992920824
4.511364877181732
1.9635154415818947
3.637602632699
2.970520489337358
2.2660328295977354
3.2304223533652587
1.728642056809811
3.9635674768664457
3.6710543281773473
2.7155408863887964
2.9040427883515907
2.7929834426071256
3.1992732323736615
3.764002554978025
3.0162834922999506
1.5108416772383297
0.8445352469678489
3.623574293393716
5.193940758750495
2.9891023718674146
2.7938126055504884
2.999168608249623
4.165761041309467
3.804632841012818
1.956128273724616
3.36767788647544
2.3287278879667217
3.961277188898563
0.9695840262176865
3.865773193496823
4.337984505590018
3.260209235694832
2.795726937485856
3.6130477116136612
1.4352391288042066
2.405801364818442
3.7318857632688154
5.454921608643492
3.577797136393243
1.3113206473273145
2.52295485991909
3.850318293979226
3.7225398822971423
4.920180125757384
2.3237297092387035
3.2233167108029828
3.7887718056816633
1.8074710337643576
4.914218833463966
1.5765156076394717
2.440207224857696
3.2179905415021
3.90049062174843
4.389955753777897
4.009661847988352
2.7372983047322443
2.2931891496884886
3.558230559669342
2.467143707093039
4.384897372154426
3.3776288992651646
5.1470955795395605
4.563924538824294
4.197605068136031
3.574536131600173
4.380703737579837
1.9335282394047064
2.8147973296729782
1.810203060342688
3.16816869736872
1.4964727021265976
1.7985041839081977
2.5531320811503173
2.008807133836096
2.4023457552924765
3.6600077035610603
2.6082853413874028
3.090661698636419
3.9223874596391664
2.8966289508122602
2.80862715017759
2.331338309375423
2.390165297926497
5.297754321289734
0.8212430349811082
3.990342372026695
1.9872306187518256
1.3173238605427833
4.20632332206786
3.4577974588927995
1.6353241466088333
2.66159740070363
4.282293445535579
3.450788744939866
2.6468012411481463
1.0068734533419486
3.5037634926321566
4.70034817067543
3.64724795715874
3.498212533939542
3.1307461617964196
2.2719575599616593
3.6301009897481102
3.8687113406162084
3.2586389727073173
2.4030060330387437
4.114352039910938
3.527365309909765
3.4708029674508443
3.4723477019737468
2.3849676526111074
1.8483580291445263
2.9168042915393877
3.776941783967115
3.452527249826818
3.7960190930030198
4.2273562907068705
1.7729781570590284
5.068415038353262
0.520054199825378
4.1502430786826485
2.98382675228334
1.5231416165754825
3.3432890130677086
5.0169392215938435
1.1988829758452766
4.71228778464826
1.620254492704221
2.432470487215259
4.772271827742358
1.461842696463498
3.577167757199648
1.6956300459424258
3.4526782156331475
3.483544297444693
5.104116888013031
2.856550928782277
3.95651040148757
2.380123083327465
1.9513042642157468
2.3860974542904403
2.7243917835182776
2.155285413330087
2.7179715300622354
3.1758269856319896
3.169726037017496
3.8553933344831606
3.6767249481950657
3.048049152950467
2.1157586587865027
4.0005814736072045
3.6090965923487603
3.0418392353764
3.770782358013742
1.6730487644292182
1.9315534972758828
2.5815761345827095
1.6054641142549302
3.858803976524841
3.170943341006507
3.7768640649845677
2.4056336479540423
3.2043446754695646
4.090419510483509
1.6716816857775216
4.89445780586154
3.6085126625706305
2.9169081202776623
4.436133566500211
2.82907053363789
3.5706082303311075
3.7413806171659307
4.403110374158726
1.694195212516005
3.5924706970512736
3.9748878001892023
2.794592942939858
1.85413570066604
1.0598993781346653
3.792959962324748
3.5874695583410907
2.622774243982505
2.008950825349794
5.636880759643367
4.501527627499673
3.4909024020302737
3.3057110177362077
2.588974686801494
1.9275269072509735
2.513190803095256
3.610208207558863
3.8120941916712097
2.4324621461648235
2.316475961664004
3.520168029764914
2.4581707738162515
2.663343748883868
2.4958095456926985
0.6850981234297264
1.986347812444611
3.778118169389431
2.713023942933573
4.3465848135911
5.255713240903607
3.146655510306953
4.481129043870068
3.0201406813741047
3.9043032773990185
4.42228254487656
3.543375577324634
3.1526430984050937
2.1758047137166003
1.607920278976269
4.54368378008805
4.007860383177499
0.8432982626691303
3.8279385290363344
2.3888051494287925
3.353566666912114
4.421923861043189
3.123565250343967
2.41679736525787
1.3461086800744633
2.3644914473440766
3.6944262068573606
4.416933581916822
3.804080611714162
1.5508323308297014
1.900277693996673
3.6770838951185056
2.8698876650586578
1.8815420815318686
3.0921691363964103
4.607344806186372
2.93985234885102
1.5593546812908492
3.549221929673535
3.6786823131167674
2.303556223770402
2.4394745632808936
0.6105594157114771
1.9406845034733755
2.8241505243478295
0.4996156363645854
3.6606426118067485
3.5917428476300963
3.295803098017029
4.032456549145503
1.9304391351904007
2.917319114227811
2.0146411568315195
4.083314472686459
3.559235054194401
2.4760493814587283
3.953885951816413
1.9999612134952296
4.308332084195874
3.987267147857883
4.451566523517551
3.8324101118658076
2.2944915279989706
2.0276643685098357
4.773148381481702
1.2602207935439944
3.0384121789555865
3.556354244978071
2.4731692964348624
2.665288025747357
2.641176293183257
1.4313119496100992
1.817184472011164
2.099172086731981
2.867810366835237
6.8543633021656
2.658274647345991
2.624616044164574
3.6695782217378112
4.794862268694196
4.2196987055084065
3.579899077785115
2.4621827981097213
5.340837642717794
3.9429283726325592
4.085729780499097
2.7571635424771572
2.2330593879151954
1.7894599220356553
2.1006696755971856
2.978384229588111
1.9665026171109725
4.478850810365228
3.381688254659266
0.7646689010404315
5.155902852755437
4.876201805466966
3.3020634798741177
4.192738929791506
3.4790886678047985
1.8058939602831334
2.5776409048063305
3.586373602113529
2.851156139398041
2.5124882779547004
2.849792552369747
3.341646551994696
1.8341709592532467
3.8569260822609754
3.2501341771761862
3.937891791449513
3.447304678380796
2.6976174300385014
3.192555972207477
2.597069995888253
3.5974220038926856
4.727245356605254
3.1293972989395757
2.187593242566389
2.1975452257517913
3.681308832205918
3.41408731482534
3.313177495694765
1.4902696156109119
4.344831989795903
2.417509643658836
2.748371330004556
2.541651356955108
3.466756583369997
4.2288394232330475
3.7007324066512024
4.079864480126772
1.2489501790205948
2.1267340459280897
2.4214472123803192
2.519749183459053
3.5171508860139302
1.4849844386181585
1.0972876469895176
2.6454766218163517
3.3016462929087305
0.8332034428525961
4.135975149980685
3.966740261299746
3.1686349693399394
1.8901906382882068
4.070092452485631
4.15687720166939
4.0208713014333455
2.7182230055577667
3.773643034060956
3.5015314812801566
2.1662476385608613
2.778018113087947
4.874253151110972
2.6016578059613615
4.10221255358388
2.1260398784301446
4.0535445449747165
2.022716786899468
4.655680127644194
2.8051319892838102
2.447594254439866
3.46294712840968
2.51710962155896
0.7046823490174563
2.5444238998031077
3.296133503971918
2.6753399091182053
2.2355468248277743
1.2482442268104081
4.820528120501811
1.766792908965654
3.2255711030763417
3.650536914746556
3.5298850723030726
3.724377941211865
2.190809043072782
3.6918083920927414
3.4708701559163204
3.375413641829863
3.2579344318146504
1.4289986870469864
2.896641023740183
1.7584384278342158
2.5418903839346068
3.0137950523554338
0.8326064128510864
4.330963288001387
3.70816409669417
2.4270987575600644
2.5691437183211314
4.648057382389757
2.245614390317999
2.3898809093377547
1.6162432520992929
3.5421368727563056
2.7529619051462326
2.5693275359241725
3.822037981832088
3.5251352699426026
2.9981199135175705
3.047650741123892
3.292204986002647
3.2094768375646696
3.8889636161257837
3.676043168569565
2.113628740613334
5.509103625505757
2.049689183302884
2.046543550250666
1.4050497682562404
2.582932030126663
3.5248173527511906
3.646909782076439
2.4835348393929793
4.2329178429774
4.067788159734952
2.2952684202926505
2.039730043075629
4.117787000458255
2.9438950613437425
3.3739324693322583
4.400003193149008
2.978669247766454
2.563603602892548
1.5790018719595458
2.8089260637563047
3.015948437880847
3.7227911459480594
4.434106741982913
2.3470656167405073
4.669650953823488
2.839809997085798
1.855882690372319
1.4819690477863783
3.757531936640752
3.0401126289565443
2.9578795443010937
2.376428002244209
1.1276029272438177
3.7510452917720944
3.31887093171535
1.7988555376140458
4.267851355523774
4.502933510035128
3.094017050590893
3.4111522725469703
2.4146948613139676
2.470747093046375
1.103139980258744
4.444269982421551
4.859369678403498
3.635741314480521
0.6716982975221355
4.920621983538807
3.790985749927768
3.3730387152789247
3.2448881351669985
3.5442149363800404
3.354740452686249
3.6091219689915093
3.607620904948255
3.4560476365841093
2.4621001684896977
4.412700482250899
3.9019328043212016
3.2606674762974865
3.3413556590627516
2.657155611688633
1.9440511974811632
2.952334837449057
2.2153605129691614
4.9675743419547524
3.5197529320375724
2.5742884202955953
1.3719344130218782
2.08343959340017
1.1711888548528193
2.560026992219231
2.9575015495424126
4.259959514872561
3.976532401042041
2.476499776428013
4.0365167077178565
2.689189551605746
2.401902147389822
2.8124215091292832
3.013177392775818
3.59984192234507
2.7359568516929453
1.5868866274194284
3.4315041385459026
2.531335185400074
3.114003458543306
2.3041709290124794
2.971260383606449
2.744804664645086
3.930646757635765
3.972533429314129
3.888299875696331
2.8084298565738424
1.9016212712011915
3.5500757579702746
4.431454589056241
3.6969959100097736
4.652500910525585
2.0979475711593163
1.310988471668955
3.040314729527497
4.597450920907708
3.654474513137579
3.5435348575661907
1.6869523137042401
3.5408869135494108
3.613821939574212
4.403620973814323
1.4066025195666263
2.141176946994036
4.060471416329576
2.0844411935007865
3.8221371083356734
2.648195698200263
2.653146829929233
2.974778899793567
3.727747279705609
4.53723006984419
2.2497893600125765
1.9535893732732046
2.3968359288736956
3.826934836086864
4.0655805401832765
0.998227895110479
4.169684508882866
2.6256436303339545
2.8433950605374605
3.704757989686332
4.996824588970169
1.7334670701101824
2.3275517069593636
2.152475056405302
3.9197302512299985
3.1500088947533675
4.166108689471899
2.8423736281186676
2.493809554484204
2.0630690388813107
2.8215016507179973
3.364379550385034
3.1782588539579213
1.683376159207583
4.065422784678201
4.541661635086903
3.5625505165713185
3.766757679653155
2.34717430155868
2.20135046490823
1.347621380652893
1.5208471539362376
1.4751804173736875
3.2181165861432914
4.196285294435191
2.18759077095263
1.6430375220415043
3.431905914582235
2.240866425669266
3.5667402035925866
4.321045032663034
3.032898602800592
4.727877260094036
2.7373392565891845
1.3005986629052702
0.8264169539866315
3.7413511355937477
4.1905366827888075
4.527219543753888
3.031454344229068
2.389931608705433
4.190727766056948
2.127630632406909
1.0611896097614437
2.322633945510262
4.442075229224864
3.08666004642794
1.812896056465987
