0.3918564745793788
0.3432722646434665
0.08128217174117014
0.29688890299008397
0.9068881690230575
0.9661249097000986
0.9831598325491977
0.9020455129546581
0.670615107368646
0.9457412932504325
0.16174223039145175
0.8860752813024834
0.024937540989487084
0.11037765197335425
0.6825531354793242
0.8911433613434377
0.03029990318212894
0.41237693938339826
0.2207978486900325
0.24391489596928018
0.9887248415511884
0.9826621035271534
0.8577731517662635
0.638595126354085
0.8665588522939651
0.6262875707793588
0.01855641830186683
0.4620719468013068
0.5775177292225735
0.38029213438946086
0.9098436775606235
0.03534087102421668
0.2336493453618197
0.2593416441396553
0.07579387526135939
0.4709330737922357
0.08787291020194077
0.15161626233958947
0.6689284895341725
0.046340282449175874
0.16756310875597802
0.26351725164138573
0.4172021341912633
0.6209576328526761
0.9859043521419673
0.5191054047985758
0.7069601918979934
0.5545957904210237
0.9009852510944603
0.7106695124244361
0.08956926206615101
0.04299128715741729
0.3137178249509801
0.0625332161727351
0.7667389331102248
0.3539371701225036
0.8928059857024299
0.5349373398964816
0.09454828032293938
0.3734446063759309
0.7455014833451691
0.25296448863555554
0.6393608404886999
0.7273424059181894
0.16777065067991703
0.3658230975183915
0.16719788061176255
0.5569374602941808
0.9295658716914252
0.7783458994093455
0.4145282301095212
0.5224751385702029
0.2823358429856129
0.3761329078009804
0.17961967323256467
0.49871688060075436
0.07329284588559404
0.88961299843548
0.8565445517720791
0.9779321560464316
0.8486762568222108
0.4314175779414694
0.38533725459584034
0.7025136424674925
0.34826395090921425
0.38322794618075984
0.46308445449332447
0.42632077107397204
0.48015734710851155
0.7765363149937703
0.10742359128763734
0.9796730354450465
0.3546350446925841
0.5355581950870396
0.6537366700852342
0.13629717132269947
0.7405213811316491
0.6986810388395385
0.6640713437752244
0.2735618790368287
0.26859681391308887
0.6581607695821518
0.21751923343367463
0.2121927993862497
0.01106374273808719
0.6401555806948165
0.29260401646296785
0.3068537737976197
0.8275805682536047
0.528566525507652
0.2826763535107145
0.9192921288176296
0.9660285289153412
0.7951730209193242
0.41519762218720935
0.5011491967344447
0.03848352996596416
0.8654846370643302
0.7636839103067428
0.2749945287044453
0.8502032256057973
0.041685637510500584
0.6254804841822327
0.41919749265611606
0.3411072429013784
0.04963035140185945
0.7492404027097932
0.8265946541786247
0.7918103903589219
0.9708344884527446
0.07726958508773951
0.4159939592311779
0.12970797196195383
0.9257437756542618
0.025349689623265337
0.8399739632459078
0.24613868534553784
0.11153169037776911
0.9740772053432504
0.7460721602387645
0.8874294780399267
0.2696008805971971
0.41777834780083434
0.26491516443799457
0.9341206802197644
0.23447751174028897
0.5986390893844721
0.13035512794124327
0.003929286219826911
0.009205324416756588
0.6783131611250652
0.5334311099261517
0.8114366457790659
0.3509218753018233
0.5183489649526658
0.766674096228449
0.02301368189374353
0.22884543697077664
0.9543592091504556
0.4581631534475312
0.2537756944268672
0.7195359495319603
0.822106149288572
0.4311543166316921
0.6937735280517966
0.2260698234382399
0.3425888977625009
0.6966769793887372
0.8559861883890058
0.03718552706950229
0.31298595616622005
0.02638212242027549
0.9422295309390775
0.44882694730542905
0.4143107463812471
0.5707175002798138
0.9514235089422545
0.6363800747163672
0.0949512493667074
0.33376587035181715
0.8804775717713192
0.013300076995647947
0.8277324719915575
0.17039680490750164
0.8744904628421992
0.823350483220697
0.27471942757905154
0.12792938655871622
0.465864367759656
0.16127902775161418
0.45352516237968254
0.3060971195969918
0.35203205277158933
0.15020461140168873
0.5745019700701418
0.05754967710539638
0.7476850624749108
0.3155622044325327
0.20247410371677865
0.7221276878526798
0.47356455217512017
0.8949238911543358
0.1203522193165194
0.8689145630604934
0.5570960530978467
0.39219121960052816
0.8552942368523874
0.9849563830602072
0.3024843956101615
0.46565117974392944
0.46711891936996564
0.43855934513140926
0.3695704472549254
0.8962122664535945
0.4929810402171323
0.734784123844175
0.9815156193661461
0.321143521062751
0.3091587119484661
0.32781042286760753
0.38149244350459277
0.22072139314592354
0.5863765478122148
0.9820282278062938
0.662408598375978
0.9265719059861406
0.013529122036100127
0.4718029318660215
0.1276551664250547
0.8498585463952143
0.24714295650757967
0.8435558389419612
0.8511880393519403
0.7826965242219244
0.7941097415719837
0.3547807838741427
0.940084198635439
0.7833458472778089
0.7616709559079756
0.947469507470263
0.9316058021649759
0.431335116310967
0.9306637910513246
0.8697252163530435
0.4064678871418115
0.23263290399633674
0.6183235462965049
0.8839716344888972
0.6486135556511305
0.017994969038960806
0.5299114192365763
0.9696917773738495
0.6602603580380084
0.544774805945529
0.5754216581918353
0.4576962301477091
0.6016224675653833
0.793540200294642
0.2930678431376258
0.36686821819402726
0.9790690646896698
0.36931531606052104
0.5551243408515235
0.30593181406494996
0.6169301634907142
0.5720784503430877
0.8901352289562556
0.6546290640490198
0.7216020881559704
0.09507814337546094
0.1795131159039759
0.184263800558208
0.2650023750757311
0.5717621113428487
0.38181219779134323
0.8641260260171744
0.4706637572937219
0.28001046236418525
0.3183199095077408
0.81622607048946
0.5367922953001907
0.199247444668476
0.3835766176934231
0.9816061986388228
0.799337569816186
0.5905789389107308
0.5628029932655076
0.6209671608352597
0.6038494525262444
0.722707992905846
0.9309258828681103
0.31923758732687946
0.707991470604277
0.5350789195067029
0.7780292582180912
0.963027119927546
0.6894668415844608
0.6254594847196104
0.9003598246163513
0.5968060660457482
0.3562696564194062
0.31219725180533364
0.2301693476973664
0.1702551824654589
0.4615389955650292
0.4232145096362506
0.5158278794137983
0.4684548973618141
0.8564113019698251
0.6883930876917871
0.08020907245671438
0.697398946285001
0.4648597917574425
0.47220352246238617
0.11391866335136314
0.9915083467811239
0.4625403278856143
0.12365686465976178
0.15802100553039133
0.7197709052559548
0.31108101345792694
0.4168865648137302
0.6768488499298138
0.9252224054859656
0.06497236679406271
0.5163998997628348
0.06932188986416166
0.42896359141210183
0.6493942430348508
0.06145625408873168
0.12919448521316368
0.26407210025319217
0.8323457781628295
0.7076130326324159
0.8590952027280419
0.8336837367254977
0.1969339525595215
0.0840933377540547
0.42916174239693405
0.663875251674642
0.037858807884975865
0.6508436373208494
0.6795063970060665
0.05771015571251581
0.4324484104020768
0.4209761384331563
0.894530307760668
0.01823943912564796
0.2726260601968503
0.6917247859631316
0.3757267372073101
0.4538637157797162
0.7590529579398273
0.8651742208612079
0.12661545550977138
0.3840008856520467
0.5482277342061367
0.6050305634870672
0.730827867846871
0.05021640328201604
0.889727369462235
0.8270170714205038
0.5450977141366604
0.19742370317158464
0.19308281993062715
0.007949109184427816
0.8119859830026691
0.7053782290555357
0.4450123350878903
0.16513481079550574
0.24254812841216256
0.41806890345057934
0.18150135704165704
0.7166261536888031
0.19199599727515337
0.29910943521851396
0.4053932211510525
0.7491095305312516
0.4043338817067763
0.7997372209252901
0.12662353723735598
0.5120934596137433
0.4865838234635207
0.9385016205215314
0.7722525902227502
0.721349030233756
0.623766475618642
0.5388385838769352
0.45873340319464107
0.2610049345361247
0.5187555124744554
0.5702915686423617
0.3903787647233665
0.08405437496078594
0.47048355763178507
0.39984499011890307
0.21781878665637944
0.03289670641472964
0.5828671758598901
0.450697119305162
0.06886618973361425
0.10224978317441791
0.18717736486374503
0.542288552821601
0.792403266162412
0.1601156908871364
0.020782348449571053
0.21150308510784965
0.6182919878081625
0.5833446666461425
0.8953360568227171
0.6667632608903121
0.940827569259494
0.43372678239551055
0.9046389633656008
0.23316575312070997
0.4032126722402968
0.5476703088594718
0.057180966071959105
0.7461307069363734
0.36940314268769536
0.14151234962068004
0.4377115285796084
0.2553468165545554
0.789878700440823
0.6759907388945003
0.043930886482145604
0.47111564288982544
0.6629260032040065
0.4942156324769865
0.2033808210286946
0.36539506926191556
0.16445742486271375
0.5336233885599552
0.44861251143348535
0.3985044492390599
0.8602328417232205
0.3126464553635403
0.7085772423369383
0.32405930694706164
0.5597244248522504
0.09163564947726421
0.8773635992600819
0.4755643518091631
0.12673920480645373
0.4021457861101644
0.017476286779011363
0.01963548092420342
0.9201710222105283
0.09352169688481093
0.3895721854086417
0.8968229948328316
0.016750988459008687
0.7356477607799682
0.3598572980237005
0.9065245623314793
0.10946135613168606
0.18445119279380717
0.43951950979983423
0.3356996932594667
0.8737683343718678
0.06389644474669454
0.7950758392910992
0.7411273970132369
0.2134377899857023
0.22044496052770313
0.00597475072093312
0.6815804177380352
0.8866427577377758
0.3133035244500587
0.5230230807682311
0.5433845919399783
0.13516433082894375
0.726778139948923
0.4421355774070891
0.9014973615512445
0.812360488118937
0.9070396853495745
0.2510496001198931
0.009377978444062962
0.027455564059143733
0.02063989572006486
0.8476639019601735
0.9931649801853356
0.26901594805334794
0.6504921966910722
0.15160043702912207
0.19966670098652783
0.34658944786621726
0.9145735221068374
0.5892474323211252
0.13925741749957976
0.7361900976053742
0.5181108365788285
0.2272716035768202
0.019380317170823336
0.9533609807805503
0.148063654812025
0.11267341991032631
0.9829271271623439
0.6885173292821759
0.5957951298338866
0.13163184046675003
0.08000073824850062
0.7760594182332757
0.1823860309122215
0.658551879527894
0.989187423809455
0.441325936440788
0.7409111034267949
0.16530914903746796
0.7855647485180461
0.027821241136849917
0.7054292538866195
0.8063356766062124
0.474151565563078
0.4789758799419518
0.8992468403155777
0.4052329527272217
0.18657019067909542
0.9063021008665725
0.2156819030984901
0.012439817017877997
0.22806489036285282
0.9149739425045678
0.7498708007180868
0.5857104419950483
0.620385392235527
0.066401715531483
0.30279325279868874
0.8554005359817108
0.043733702613331094
0.8319826602256573
0.019870370769955792
0.30397258239854785
0.011134954923694762
0.8213657858838795
0.5147458134690327
0.48054283899650063
0.9761073769543427
0.03850966088178398
0.774911300530501
0.7488580249464708
0.6822079222985098
0.8093163194265313
0.4537251296880733
0.12023822398014516
0.8515472307697661
0.3825215058027498
0.238509203273636
0.26248488434361505
0.9405177447908512
0.8577070434848577
0.3703863735216899
0.7934248031488595
0.8939030259051169
0.30077709179687373
0.7268108980081173
0.5452396264964268
0.08562672607096622
0.6082768281011534
0.0038305783014265238
0.7613493158945396
0.3889845948493238
0.8651822405502163
0.3706274456972052
0.21773468911420568
0.6381355977451109
0.9287175691417606
0.9983800904312502
0.8243470794147453
0.4528487407151186
0.13300804947748768
0.7220109530535741
0.06610674349153667
0.6756187440554553
0.9766507856520289
0.27143835841896424
0.5665838146348076
0.10899627431023917
0.5121829443726622
0.015449175680961602
0.9736022377352698
0.5832252790116412
0.9096448459169922
0.028752627241892537
0.10325914788652935
0.29600931543925313
0.5808921014324238
0.026890902618922352
0.5869389068273309
0.3723588430718342
0.5299530958263999
0.32275621493421136
0.5340919464426465
0.8265802233007409
0.48142188776337114
0.12846393302579984
0.24589808439245797
0.757227897489953
0.7278245608707694
0.3852423885186833
0.18725000091714772
0.4513325675978439
0.4791738469084301
0.30527850293005643
0.920595836975065
0.5103186925193975
0.5100389496966575
0.5125589139272876
0.44251752405687583
0.32284038580152896
0.6995446675592024
0.4562079807845423
0.13013853336102477
0.4977063789223014
0.40519545318180383
0.242804853218075
0.7483844093421909
0.6998197486120056
0.9214985568096032
0.509929128157039
0.24410806539584595
0.45162278812416
0.35657656366558765
0.8793481014869383
0.9202721666032027
0.30035519741150285
0.39080793530060964
0.1156517430138373
0.9254288970639386
0.29320287084672636
0.3629731707926609
0.8239205814916697
0.44718073220533483
0.1555332122150005
0.8511960343673013
0.6470464383510008
0.1252920243350979
0.1182103239254162
0.7671846299702072
0.3360842806712824
0.4211158895798036
0.2075917557280883
0.8555707938096085
0.2828174546784342
0.3907765091053794
0.8440002151944185
0.6450592749849395
0.3045209444931297
0.35779481945139613
0.12194981720742348
0.8785903615198943
0.2547975159182013
0.06187487084738186
0.052878060841186514
0.2771638046257081
0.7965758937099373
0.9547418866474302
0.7465131591672041
0.2941005780253928
0.7725690395071722
0.5418380291559107
0.4061821034526646
0.1643708846856442
0.055730068572830804
0.3255729933160807
0.6969263544088473
0.5261477268383411
0.0015992363801468068
0.05840181544161205
0.14310124350010678
0.4940115757129838
0.44818648297848807
0.3100090536830863
0.6083736950071245
0.2800415784708631
0.11622791406168365
0.39936756551174624
0.12022678933412823
0.7573559568270454
0.7894935512629401
0.10152590929763528
0.856884743181341
0.5220925520541899
0.4613694860637043
0.7258470549566776
0.4008964808936405
0.6526003447380431
0.9009217585443524
0.1799337327984476
0.8226957320419392
0.4762722263580731
0.8619782984564859
0.42895521480935483
0.16365784408259154
0.942994271618625
0.7074581065781437
0.8812215353289481
0.941842033022349
0.2406310226002455
0.4784221895562212
0.7315663002967633
0.07476822193229238
0.027140263146626986
0.9806506327263276
0.5134357489245331
0.5236561709385634
0.8266336376937461
0.12844977841831473
0.5869490497473995
0.2632615039490839
0.010373288419805449
0.2046935134462914
0.4615934924093219
0.8010510450225032
0.32706573106581915
0.5083942513986327
0.8047701471995699
0.05878381554517098
0.3463006907947943
0.8263188948231002
0.35223473580791
0.693455910132645
0.29218955838802163
0.17307584726638636
0.8766909755460658
0.1945091116660047
0.47732875337979763
0.4297759934058136
0.3777850825526783
0.38549717427619845
0.2061708357334029
0.5443081475517991
0.3851687513400296
0.008518798936031469
0.4506334316496452
0.5852127766345931
0.7549783305861025
0.37319225679879187
0.6592266379151454
0.8294749094797537
0.056280651009775085
0.26422306514776117
0.12888345049877614
0.9024334637636295
0.2033524413288318
0.7622046337988962
0.6724149384649875
0.035759277343538676
0.9544624810937414
0.645747179593715
0.6498437991693601
0.7369257735889181
0.6016150127629037
0.6145285691257893
0.5260320103366897
0.6393967543477614
0.10724356503313959
0.0627032419874406
0.6569792847767574
0.8545588467788137
0.5093642010800733
0.5932273539624433
0.158628864464469
0.2449292976665023
0.8216805433042573
0.6454327873143819
0.31729303215315086
0.9828871643334619
0.1484410821871155
0.25486875514149276
0.942904678516186
0.14319726171179903
0.09289507718177636
0.26814099376769474
0.06974263139645387
0.38806315082222254
0.4807676874890666
0.04040258420104892
0.5430020247123981
0.5392461588325979
0.39511070649194246
0.7720155427896389
0.7393971731360038
0.5501580228179102
0.9165202570715321
0.8586363826818506
0.6251271096093024
0.7036692374355145
0.5336808408605466
0.38291690846055193
0.2422273090763084
0.8658011863092834
0.2717521137904888
0.15436495598920275
0.02049535866750729
0.04068864544891193
0.2720185560142009
0.8880791398272359
0.052396993265775516
0.6785898230056561
0.3203898799802851
0.8573099402583483
0.4142503593219885
0.18444093469256162
0.182440454670048
0.5756129174514314
0.6695000576650931
0.943423635806728
0.9122957359077868
0.5164644395668344
0.9959107748055659
0.03264089574187956
0.12877743566290034
0.6311551837436161
0.2636527539944302
0.2051846546829208
0.6760544433368123
0.39677396071261173
0.9832363230202952
0.941310628395715
0.26046191330068813
0.8939609759777717
0.41505348915575624
0.21795246774241117
0.6690443015964697
0.9198245064654584
0.23138850326877713
0.1444621240799976
0.0017706363768250633
0.8934921012873007
0.9734260835147224
0.8263918293613502
0.9943770032887173
0.08524416808229818
0.19052045428326525
0.7428577534768713
0.485421648360162
0.1279610174761111
0.8150400420502434
0.4316647635778674
0.24365434587836776
0.6043414102477288
0.2449483370893557
0.923216945800272
0.7960802451597949
0.9699775956186663
0.543671547872252
0.5142834268127006
0.16100694031691365
0.15548510988813813
0.8564786080287964
0.28731476571157966
0.9613402092877671
0.08711103273508725
0.275598841517974
0.028086524330072304
0.5991983545149204
0.4626207724271587
0.17131986580306713
0.3778768392209928
0.9159883843733578
0.7375565099158441
0.23063002809785216
0.880061852914731
0.22127709801746154
0.7217661848431107
0.7921044409290288
0.10664173673483968
0.19712632450477163
0.36569536693149796
0.49477214764089006
0.9133543564567628
0.7965750563402353
0.908443035256699
0.6431305085838619
0.24784980210149377
0.08232814710837
0.6406323342450324
0.08326155837126237
0.5940163606601663
0.23441235013752992
0.28949197146406025
0.15424777010246393
0.41845158377854674
0.19104320861402835
0.553718983897229
0.9537688234276352
0.48313716843378685
0.9787652561804738
0.5115003544442713
0.6689779113684057
0.6010401115462688
0.5343241604175198
0.5199631167138344
0.36468551237046276
0.8989033113762229
0.9633817855088309
0.19860246708982965
0.8673952102571929
0.08713719688431865
0.4935926439494188
0.408738646992194
0.23659402111162464
0.03753524624005444
0.5055488520614007
0.389834596885718
0.07819845912167966
0.14720145702387022
0.5443252525668391
0.6248470404151466
0.27803082331553153
0.15063731193165153
0.45215723687725773
0.5423049225840786
0.15393205598902626
0.3907361301446767
0.7996342806581722
0.8099127030391359
0.3708983396084591
0.6094552881753553
0.16325311629565775
0.6318782470366543
0.9199429802213489
0.3248869920328622
0.42219959582064426
0.5488562379183433
0.9840991756620194
0.784216348487704
0.661141393822059
0.3923889509631632
0.15238160334636042
0.2556193425743356
0.062111906458786614
0.7770845509966032
0.9027856471792096
0.8056127573562896
0.7050076805219492
0.5968131478058981
0.3247935860042158
0.7331473426865514
0.6547182962205592
0.4045955806569915
0.14839197009307314
0.6155787513282589
0.6266954886756053
0.7188459237125757
0.5309884346220098
0.33736447265563607
0.7389211064996801
0.8450459998830309
0.9859334907222692
0.027256624807775687
0.44780350031474137
0.35882191962938415
0.27161846368234965
0.9442411004611111
0.4197496001551796
0.4229545901942856
0.6935014216960578
0.15704842105310246
0.22234668755201759
0.7005477145871094
0.655299250290554
0.8663271623753258
0.9966161443344922
0.28448977244609985
0.15014322899363197
0.5525839272056574
0.41239642441856306
0.07454216209714914
0.7399843526432948
0.19168969338259045
0.4606092953530154
0.060266001939717095
0.0755517251627128
0.5714267811166318
0.08482958632660398
0.13130547476405274
0.6893371394733966
0.14913884406052647
0.8356905991685699
0.18083563102023825
0.7012003588238637
0.4600369392394086
0.02044699192825672
0.9013742599999419
0.3752480596248843
0.8374252171957234
0.8557207041991491
0.031955571181502385
0.054923839266407315
0.9099281841122684
0.9846562830981791
0.20232007836088006
0.2989946741591718
0.74728696838139
0.7823282089905899
0.3791578717436075
