61.4	77.8
68.0	87.4
59.5	71.6
69.4	74.7
78.7	72.5
72.8	73.8
67.6	76.9
73.3	96.3
61.3	55.5
61.5	68.1
64.1	82.6
62.3	85.0
63.3	97.1
58.7	84.9
66.1	80.9
51.0	95.2
57.5	62.9
69.8	74.3
59.7	65.5
62.0	81.6
64.1	94.0
65.0	81.7
65.9	96.2
73.3	77.8
56.5	83.0
66.3	74.5
62.0	85.0
47.4	78.7
47.4	68.1
69.1	97.2
58.2	71.5
64.6	76.1
54.1	85.5
52.9	72.6
53.7	83.3
69.2	61.6
61.5	73.5
69.1	88.4
67.7	74.8
69.1	55.9
74.3	82.6
68.1	62.1
59.2	79.5
72.7	95.1
67.0	73.4
63.1	79.2
64.2	87.7
63.1	83.4
57.0	69.8
70.4	83.2
77.6	76.0
51.7	73.8
54.3	74.0
55.8	73.1
61.1	71.6
61.4	90.0
51.1	79.0
50.7	67.1
55.9	91.9
63.6	59.3
62.8	85.2
64.4	74.8
53.2	76.5
61.1	89.5
56.1	63.9
70.6	91.3
71.6	87.7
63.3	73.2
63.4	70.9
57.1	85.3
74.3	73.9
66.3	71.9
67.7	94.0
70.8	69.5
66.1	90.1
59.4	88.3
67.4	71.8
65.5	100.5
65.6	90.0
65.0	86.1
75.7	91.2
77.8	98.0
66.3	82.2
53.3	85.5
78.3	79.1
73.1	87.9
55.9	81.1
63.3	78.5
56.9	72.0
53.4	64.8
59.7	84.0
47.9	69.8
70.9	94.3
70.0	73.2
83.9	87.2
68.1	86.8
55.3	67.6
60.2	70.2
67.0	65.6
71.8	76.2
57.7	107.1
69.8	85.4
66.5	86.5
65.2	79.5
54.1	84.3
69.4	75.8
53.8	72.6
81.5	76.4
64.1	78.2
60.0	81.4
63.5	74.8
67.7	78.9
61.9	74.3
60.6	90.7
55.9	100.5
55.0	77.5
58.5	69.2
53.4	78.8
47.8	78.9
59.7	53.6
52.4	60.6
64.9	86.9
71.9	70.5
75.5	82.9
59.8	75.7
48.5	81.2
62.7	99.9
56.0	87.1
54.4	84.0
63.4	78.4
63.4	99.8
58.2	86.4
58.8	84.2
66.0	88.4
68.8	83.5
66.0	68.9
64.4	82.0
62.7	82.3
62.4	81.0
61.1	87.3
70.8	71.3
60.5	65.3
57.7	85.1
67.7	77.2
67.5	82.3
68.2	95.0
59.4	73.7
59.3	74.4
55.3	83.9
54.2	71.9
62.9	83.2
57.1	74.4
71.2	67.7
61.3	84.0
57.9	75.2
61.8	86.4
66.3	95.3
75.2	77.1
59.5	93.5
56.3	85.5
60.6	83.8
60.0	84.3
78.2	77.5
78.0	82.4
59.4	84.7
56.2	79.1
66.4	85.5
65.4	87.1
61.3	78.9
61.9	77.4
59.3	85.9
69.6	66.9
67.4	79.0
65.2	46.4
72.5	69.3
68.9	74.5
58.8	71.7
61.4	86.6
66.5	68.9
63.6	90.5
78.3	77.4
65.2	70.5
73.0	80.4
75.3	70.0
67.2	63.2
69.9	74.5
63.0	87.6
53.9	68.5
45.1	65.8
48.6	71.3
58.5	64.7
67.9	75.2
63.1	86.8
61.1	85.6
66.7	80.6
73.4	67.9
56.3	85.7
77.6	54.5
66.9	69.9
50.8	70.9
60.7	60.6
70.1	73.5
60.6	88.3
52.4	69.1
76.4	99.1
74.2	73.9
79.2	103.9
68.3	82.8
49.5	76.1
65.8	84.6
72.6	92.2
56.7	90.0
48.2	85.5
66.7	70.8
64.6	90.0
66.0	68.0
66.6	70.7
82.6	81.7
68.1	81.3
54.4	77.3
59.7	43.3
60.9	73.2
76.0	71.4
65.3	78.3
50.7	85.0
59.6	94.5
64.8	75.5
63.3	72.2
63.8	68.3
56.2	82.2
61.5	93.4
67.3	69.5
72.7	78.2
66.4	71.9
73.8	80.9
62.0	67.5
56.3	88.5
57.2	61.3
58.9	73.0
60.4	63.0
75.7	96.4
61.7	82.5
71.3	83.2
65.4	72.0
50.9	86.4
59.2	81.6
74.1	76.6
66.5	71.1
71.2	86.7
58.9	80.1
73.1	83.6
71.3	84.0
64.9	92.6
64.0	76.5
55.5	89.0
64.6	69.6
68.8	79.9
62.2	83.1
61.8	79.4
57.3	87.1
67.0	69.4
64.8	78.4
60.9	84.2
74.7	83.7
70.1	69.5
57.4	84.7
63.2	84.9
59.1	86.9
60.8	57.9
54.7	76.8
73.2	77.8
65.1	82.5
56.0	95.3
60.3	85.2
63.5	70.2
64.5	85.8
78.0	65.3
73.8	75.8
78.8	76.4
67.3	101.6
65.7	102.3
78.2	72.2
80.4	87.8
73.7	70.1
64.9	163.4
66.5	163.9
64.4	169.0
69.7	170.8
44.5	176.0
61.5	186.9
59.8	258.2
66.7	211.4
64.6	186
54.2	196.5
41.8	254.6
67.8	240.2
58.4	239.4
56.4	217.9
48.7	239.2
45.0	228.2
49.7	251.6
47.7	260.8
52.0	225.9
55.1	263.2
56.0	242.3
51.3	260.8
57.9	256
69.9	248.3
66.6	277.5
59.2	270
71.8	256.9
51.1	240.9
68.8	248.8
51.4	275.7
66.0	257.6
57.0	245.9
44.7	246.6
53.3	265.3
49.3	255.8
46.0	270.9
47.8	260.4
62.0	159.8
45.2	229.2
41.7	237.5
61.7	243.1
57.8	241.2
52.6	260.5
39.2	237.7
45.2	241.7
41.2	259.4
61.1	249.9
60.1	249
55.2	227.6
56.0	247.3
48.0	269.1
50.0	255.8
67.9	257.6
56.0	244.3
64.7	273
51.1	240.2
51.5	249.5
49.9	264.5
56.1	229.8
58.1	258
44.0	270.7
59.2	252.5
61.5	262.7
46.9	237.6
52.8	234.3
65.9	259.1
62.5	268.4
60.8	245
56.1	263.1
59.2	238.9
61.5	256.7
61.8	243.9
66.7	227.4
70.9	240.5
63.5	276.5
69.7	259.6
47.6	244.9
48.1	266.7
54.9	250.3
60.5	250.1
58.9	267.8
57.8	261.6
57.8	259.2
58.6	269.4
52.9	254.6
50.7	250.9
50.3	256.1
46.2	268.6
64.4	265.2
51.7	233.1
51.9	246.7
57.6	248.5
57.9	231.8
48.5	255.8
45.5	280.9
45.2	233.8
55.7	247.6
51.8	269.8
52.0	256.8
53.7	262.9
59.4	252.1
54.5	253.3
49.3	257.8
42.9	240.9
36.2	272.1
54.2	275.2
45.3	263.6
57.4	245.9
58.2	260
56.0	251.4
52.5	255.5
59.6	241.8
58.9	243.7
48.9	272.1
57.5	234
49.9	241.5
64.8	239.5
59.4	248
58.5	252.8
70.6	270.9
64.0	252.8
46.5	282.5
61.7	266.9
68.5	232.9
57.6	262.5
55.2	270.6
76.3	284.6
61.0	259.7
50.0	247.8
49.7	260.3
51.3	276
54.9	248.5
36.4	259.8
41.2	241
49.2	247.9
53.8	269.3
55.3	256.5
65.8	253.6
53.2	256.9
55.8	271.5
47.9	243.6
50.5	256.7
66.1	255.6
52.0	237.6
62.6	249.3
59.3	284.3
52.7	263.3
44.2	274.1
54.0	239.2
71.3	223.2
66.9	254.3
62.8	258.8
59.0	242.5
56.6	238.6
51.1	242.2
56.1	229.7
60.0	257.5
53.1	247.1
48.1	241.9
58.0	240.4
66.3	230
64.7	241.8
59.5	245.1
70.8	243.4
82.3	188.8
61.0	241.4
66.4	250.9
61.5	235.3
65.1	248.7
59.7	233
41.7	234
63.9	250.7
64.9	231
64.8	230.4
56.7	240.1
53.8	247.7
62.2	246.4
55.3	247.5
60.8	245
51.4	275
66.1	261.1
76.5	261.8
68.6	252.5
64.0	280.7
62.2	280.8
54.1	250.5
63.5	227.1
67.5	245.7
57.1	253.4
61.1	243
64.4	230.1
46.0	240.9
58.9	222.2
59.1	231
53.9	281.9
70.2	261.7
63.5	266
64.4	273.5
85.5	249.2
72.5	275.4
59.5	245.8
54.7	245.8
54.5	262
55.8	242.1
58.4	240.1
53.2	242.5
50.5	256.8
49.3	249.9
38.9	247.8
57.3	266
56.9	263.5
54.3	246.6
74.4	255.7
46.4	266.4
54.6	245.4
57.0	264.4
59.6	245.9
68.6	253
58.7	267.6
52.0	265.3
47.8	267.8
62.9	269.1
67.2	261.9
64.6	253.9
60.5	276.8
55.1	271.7
58.6	275.1
49.0	276.8
54.6	263.8
58.2	255.7
37.9	253.5
61.4	254.8
55.3	245.1
60.6	257.4
52.7	268.5
52.9	253.5
56.8	252.7
48.9	259.5
54.0	269
55.2	268.4
50.1	247
74.2	238.1
57.0	241.3
72.1	270.2
47.6	276.8
52.7	263
56.7	257.6
72.4	271.8
68.8	253.1
60.3	286.3
52.1	253
60.6	249.6
68.9	254
64.1	264.4
53.2	240
65.6	270.7
67.2	250.8
68.6	265.9
70.8	267.3
55.7	256.2
62.7	252.8
55.5	260.5
69.9	257.3
58.5	252.3
74.0	261.5
78.5	240.7
62.9	264.7
60.7	235.5
48.4	269.2
54.3	264.8
56.0	258.5
59.0	269.5
53.1	258.1
60.9	266.9
65.7	265.5
70.9	266.9
72.1	251.7
57.2	242
60.9	265.5
80.1	271.9
71.8	255.6
69.6	258.9
58.7	254.6
62.2	269.6
59.0	263.6
74.3	251.7
40.4	257
57.7	226.6
54.8	230
57.7	245.3
39.6	231.8
56.0	243.8
48.5	230.5
55.9	244.2
53.9	238.7
56.3	226.9
48.6	224.6
49.7	244.3
41.1	245.1
66.2	223.9
72.9	240.4
64.8	242.5
69.6	238.7
53.6	257.1
53.6	250.3
59.7	245.4
56.0	259.1
49.1	247.6
46.5	245.3
59.2	241.8
49.0	255.7
49.5	254
55.6	252.9
59.9	250.9
63.4	258.3
53.0	226.8
58.5	256.5
53.4	241.1
41.8	261.6
47.6	259.6
48.5	227.4
54.4	241
64.0	230.4
48.8	261.3
55.9	228.6
54.2	221
70.4	201.1
50.8	240.2
57.5	238.1
49.8	243.2
57.6	254.1
58.4	229.9
60.8	218.6
64.0	229.7
45.0	250
57.3	225.8
55.4	257.6
49.2	257.8
57.7	257.1
67.6	241.7
56.5	246.5
64.9	231.9
58.3	247.3
53.0	232
56.0	249
43.3	237.4
58.4	243.2
60.6	234.3
41.1	244.3
52.7	237.5
52.4	253.2
48.8	244.5
43.4	267.4
33.9	265.3
36.4	256.8
48.7	255.9
53.9	226.9
64.1	246.8
48.1	239.3
47.9	260.7
58.2	257.3
60.6	236.7
60.2	246.4
72.9	258.7
54.8	263
60.0	254.9
50.5	260.4
40.5	254.3
64.5	250.4
47.5	250
50.1	245
61.0	227
57.2	231.2
64.6	234.7
71.9	258.2
45.2	272
53.9	228.4
50.5	249.7
47.7	256
70.5	271.9
48.2	244.4
63.0	248.2
51.5	242.1
58.8	249.1
51.7	244.4
58.9	240.9
60.6	242.3
63.6	247.7
45.8	243.8
53.1	275.2
58.7	251.4
48.5	249.8
59.7	230.7
61.4	218.4
54.2	261.2
63.0	221.8
74.4	232.3
49.3	261.9
57.8	241.5
53.9	237.6
61.9	251.4
58.3	243.5
54.2	271
71.4	248.8
60.5	250.3
65.9	258.8
63.6	244.8
62.4	228.2
63.2	260.5
52.0	281
64.8	255.5
57.0	250.8
56.9	249.5
63.9	242.4
60.6	244.3
45.2	266.6
64.9	263.1
71.0	264.5
54.5	260.6
72.6	265.5
63.4	268.7
58.3	252.7
47.3	253.6
58.1	229.6
72.9	255.9
60.7	247
51.2	254
49.9	255.3
54.8	245.1
50.9	276.1
68.5	246.4
48.2	243.1
59.8	272.3
47.5	248.4
60.7	257.1
58.8	254.5
67.0	281.8
56.5	266.1
59.8	236.6
53.0	247.2
56.1	262.7
65.5	253.7
63.2	287.2
53.0	260.1
63.2	264.3
71.2	263.8
51.6	253
56.5	263.5
56.2	261.5
64.0	252.2
56.4	254
47.1	273.7
72.7	262.9
59.7	260.5
50.7	263.2
62.2	248.2
50.7	249.4
73.5	257.7
58.1	264.4
65.8	260.1
64.9	262.1
49.3	257.1
56.0	277.6
76.6	249.1
56.7	269.7
59.6	255.4
63.9	242
50.2	247.6
58.9	237.6
57.2	269.2
66.0	263.3
65.6	254.8
50.0	250
59.7	245.9
58.8	274.7
69.9	255.6
63.1	252.3
51.5	248.5
45.7	240.8
66.3	259
60.7	260.4
66.4	271.1
60.8	261.3
57.1	264.4
50.2	250.3
49.6	264.2
62.3	251.1
53.5	253.9
58.1	247.6
63.1	260.4
58.9	254.6
66.2	285.5
68.8	252.8
51.3	277.4
65.1	260.2
67.4	260.2
55.5	267.5
51.9	263.3
54.4	239.8
57.3	270.1
45.4	246.6
67.2	264.4
48.9	261.3
50.4	278.3
44.6	262.8
60.9	274
50.4	248.8
44.0	258.2
58.4	251.8
66.8	238
53.4	243
57.8	257
61.8	248.7
58.0	252.9
57.5	266.6
67.7	261.8
56.7	264.4
51.7	249
55.6	247.1
65.8	243.2
65.9	250.1
68.7	256.1
67.1	267.4
61.4	242.9
57.0	252.6
66.6	227.6
45.2	283.8
69.3	254.4
65.7	248.1
52.3	259.5
60.3	244.9
56.6	257.8
61.4	243.1
71.2	284.1
66.5	263
55.1	247.1
71.3	259.8
71.3	263.3
59.0	263.6
55.8	273.4
53.6	274.7
62.8	247.6
68.1	261.2
65.6	236.2
74.8	261.1
57.9	272.6
69.3	241.3
59.3	274.8
63.0	253.8
58.3	251.6
55.8	275.8
67.1	264.4
62.4	280.7
58.5	281.5
69.1	272
62.7	287.1
64.0	233
61.7	255.1
54.2	269.1
60.1	275.1
56.4	275.5
61.8	252.2
63.3	260.4
61.8	265.3
69.1	273.7
59.8	258.4
53.6	253.9
58.8	234.4
55.4	266
39.9	274.2
49.1	243
67.9	271.2
57.3	239.5
62.1	252.4
67.5	274.5
60.2	254.9
44.4	274.2
59.8	289.8
64.4	241.9
59.5	249.8
55.4	252.1
63.8	255.4
55.6	256.9
55.5	234.6
49.5	246.7
69.5	271.5
76.8	261.9
55.6	250.3
52.7	256.3
45.3	278.4
65.6	266.4
67.4	258.8
58.5	239.2
62.7	254.8
50.4	264.1
65.9	273.8
64.4	237.8
52.5	271.8
64.1	263.7
60.3	271.8
70.2	269.6
46.6	258.7
55.5	248.8
59.1	255.3
51.8	250.6
52.3	248.4
58.6	252.2
52.8	259.9
47.8	238.4
54.1	240.6
45.8	252.5
46.6	242.3
58.7	243.8
43.1	250.3
54.2	277.2
62.3	281.8
75.1	273.1
73.5	268.8
68.9	248.2
61.6	255
73.6	258.5
67.8	304.5
80.2	275.9
73.6	276.2
84.7	272.7
76.7	282.2
60.8	262.1
56.7	288.1
62.2	274.9
51.1	284.2
81.6	288.6
70.2	277.2
69.8	266.5
75.9	255.6
69.7	243.7
66.0	252.8
64.3	252.5
56.5	254.9
63.3	261.7
62.7	240.1
62.4	243
60.4	239
76.1	272.9
73.7	235.3
73.1	265
59.7	272.7
48.4	255.9
72.6	239.1
68.4	254.1
70.2	264.6
64.1	278.9
52.1	251.5
57.4	239.2
58.7	262.2
69.8	246.2
64.2	247.7
64.1	259.9
64.9	268.6
62.9	267.7
53.6	250.7
63.8	261
57.9	255.4
60.2	248.5
62.5	270.8
61.5	262.1
64.8	267.5
42.1	255.2
58.0	262.4
46.4	250.1
63.1	278.2
52.9	248.9
65.4	267.9
52.3	272.6
47.9	258.1
68.9	266.3
56.7	254.3
77.8	251.9
72.5	253
56.4	255.3
53.1	245.9
81.9	251.3
50.0	264.7
80.5	248.4
60.9	264.7
74.9	245.5
77.1	291.3
61.5	258.7
69.0	252.9
55.2	243.5
52.3	238.8
60.1	254.3
60.8	251.3
67.4	245.6
63.9	254.1
65.6	216.1
65.7	262.7
60.5	252.4
34.8	253.4
69.0	279.8
60.5	259.6
62.6	237.8
68.2	241.9
65.8	224.3
56.9	251.3
62.5	254.9
66.9	266.9
62.1	290.6
53.8	267.4
51.3	256.7
55.4	249.4
70.3	259.1
70.3	277.5
56.6	266.1
42.8	248.9
44.7	276.4
70.3	260.2
66.5	293.4
60.5	263.1
55.4	244.3
59.0	251.4
56.5	271.7
71.2	254.8
56.4	283.3
76.3	254.1
77.7	266.6
61.8	245.5
62.0	280.1
71.0	229.9
67.7	267.1
64.7	271.2
59.9	260.4
60.1	263.1
67.1	249.6
49.5	255.9
56.0	252.8
51.0	233.4
53.5	248.3
46.3	265.3
57.8	256.6
47.6	266.5
50.8	255.7
61.8	267
59.6	266.2
61.5	267.7
51.4	271.9
52.8	261
58.0	244.2
61.0	263.5
54.9	253.1
61.5	239.8
74.1	275.8
63.1	264.9
65.4	244
53.6	246.1
75.4	262.2
54.3	246.3
50.7	256.8
61.9	220.3
44.5	260.6
41.2	255.5
47.9	249.4
44.3	255.4
42.0	281.6
68.4	245.4
58.6	250.3
56.9	228.2
64.0	223.9
55.8	239.5
50.8	262.2
61.1	235.2
53.3	254
56.5	254.8
52.7	260
55.4	264.5
48.9	269.1
54.6	267.2
55.9	262.5
65.6	244.9
54.3	253.4
60.2	239.7
52.8	247.1
53.0	254.2
57.3	266.3
57.8	246.3
50.5	257.3
58.7	251.2
66.1	246.7
54.9	284
66.2	260
56.1	231.5
55.0	240.6
58.9	251
70.1	269.7
63.1	241.8
54.7	253.4
65.5	263.2
68.0	238.3
66.8	259.4
49.9	253
38.5	259.7
58.7	264.9
45.7	264.1
51.0	252.5
59.5	222.5
39.5	222.8
63.4	246.3
38.1	276.6
51.1	253.1
44.6	249.4
44.2	245.9
41.6	268.4
25.7	279.5
45.1	246.8
37.6	252.4
43.5	253.8
40.5	261.4
52.3	234.8
52.0	215.5
39.0	236.5
41.0	266.5
47.8	230.3
34.4	267.6
50.2	230.3
38.0	252.4
54.2	275.3
41.5	255
41.0	226.4
48.1	256.9
39.7	241.8
50.3	233.9
56.4	235.6
38.2	239.4
48.4	243.7
40.4	249.5
40.4	228.2
45.4	261.3
55.2	244.1
60.7	236.1
42.0	221.5
41.3	232.9
52.9	246.6
49.1	248.1
46.9	269.7
40.7	257.9
50.4	216.3
43.1	232.9
40.0	269.4
37.1	262.2
48.6	265.8
62.9	253.1
50.2	250.7
40.7	261.2
41.6	258.8
31.4	273.9
39.6	254.4
34.8	270
50.8	236.4
64.6	223.5
49.5	240.1
45.3	252.5
67.5	243.7
70.7	246.1
51.5	255.5
56.1	244.2
49.0	257
50.9	252.3
61.1	245.7
46.6	225.3
53.1	250.6
71.0	229.8
58.8	246.7
53.9	257.2
51.5	259.9
64.5	257.3
61.2	265.8
48.7	240.6
44.5	269
51.5	207.9
43.0	251.4
60.7	258.1
49.0	238.7
51.7	241.4
44.6	245.8
55.4	253.6
42.6	270.6
49.4	238.1
62.0	252.5
61.3	265.8
62.9	230.4
59.3	227
56.0	262
44.7	253.2
56.4	222.5
55.3	268.8
55.9	252.4
62.4	275.4
56.5	276.1
55.3	246.9
68.9	264.3
45.0	269.3
47.5	249.1
60.2	248.8
53.9	242.8
38.5	217.8
51.2	254.9
61.8	213.4
52.5	203.5
50.3	227.6
32.0	252.7
35.0	263.6
45.0	258.3
36.5	275.1
42.4	232.5
36.3	269.6
40.1	261.5
56.9	204.8
56.8	259.4
56.0	260.1
57.8	249.9
51.2	266.5
39.5	269.5
52.9	244.6
32.8	265.1
54.7	260.8
48.3	259.6
47.1	249.4
55.2	244.1
52.6	231.1
48.8	259.7
48.0	258.4
48.7	237.1
54.6	246.6
48.2	248.6
39.3	239.4
51.5	250.1
59.6	234.3
55.6	216.4
39.7	248.6
29.8	245.1
48.1	248
54.3	266.3
56.0	236.3
58.9	244.7
41.3	222
38.1	252.9
46.5	265
43.1	263.1
40.6	244.8
42.6	234
53.5	256
55.1	234.5
42.4	259.3
50.6	249.7
38.7	247
53.7	219.3
46.9	257.3
52.5	238.9
54.1	247.8
44.5	222.8
49.4	226.7
47.9	232.1
56.6	228.7
58.8	259.6
48.7	234.4
62.8	248.3
59.0	252.6
65.0	212
42.2	253.9
59.0	236.7
51.1	248.3
37.7	260
53.0	245.2
51.9	240.7
46.3	274.8
55.9	270.9
54.0	261.1
54.6	254.9
80.9	241.8
64.4	273.7
47.4	241.1
42.1	261.7
42.0	257.3
43.9	247.3
44.1	237.7
50.3	250.4
43.4	256.6
56.2	257.9
49.5	208.2
63.8	205.9
49.0	246.6
55.7	258.8
70.3	216.1
49.4	195.1
53.9	206.7
37.7	252.7
46.7	251.7
44.1	282.2
43.4	265.7
60.5	245
61.9	236.9
60.3	239.9
56.3	206
29.5	258.5
50.3	235.5
49.9	233.8
53.0	231
58.5	268.1
50.2	246.4
41.2	233.1
42.6	256.3
38.5	256.3
37.3	259.8
46.7	240.3
46.2	266
46.1	268.8
53.1	245.5
57.4	244.6
67.4	228.5
56.4	246.7
37.5	255.4
46.4	250.6
41.2	248.9
38.8	250.4
49.9	263.9
44.2	248.7
43.3	242.9
40.5	249.6
47.4	279
46.0	244.8
41.0	252.4
46.2	252.1
49.9	252.7
48.5	249.9
37.4	239.1
48.1	268.3
63.6	244.9
53.7	232.1
64.7	250.5
62.2	239.2
52.8	220.2
52.0	242.3
53.1	221.6
45.0	277
50.1	247.6
48.2	257.4
67.7	243.1
49.0	273.4
51.6	239.8
61.1	248.2
56.2	270.8
66.8	249
66.5	247.1
53.9	265.9
55.4	264.9
52.7	241.6
50.9	249.3
58.6	250.1
49.0	265.4
42.6	259
48.5	249.6
49.8	257.7
57.9	255.3
57.8	250.8
55.1	267
61.7	254.7
55.5	264.5
53.1	266
48.5	238.5
53.0	241.7
60.9	266.8
63.3	261.9
51.5	261.4
50.8	246.7
59.2	256.3
47.4	273.4
52.8	251.6
59.2	244.4
62.0	274.5
57.6	256.4
59.2	251.9
53.4	261.3
44.2	258.5
54.8	252
52.7	256.4
63.0	258.1
51.5	238.1
67.1	254.4
59.0	254.2
54.9	246.5
55.9	229.2
59.4	249.1
63.7	237.1
71.8	237.7
55.7	233.9
60.9	236
63.3	231.4
57.2	236.6
59.7	227.3
54.0	264.8
49.0	260.3
56.1	232.5
66.1	236.9
59.7	248.6
63.7	209.5
60.1	218.5
56.3	238.3
60.9	251.5
79.3	289.3
72.6	270.2
50.2	247.5
30.5	242
52.5	239.1
63.6	268.4
53.8	256.2
59.3	252.1
52.3	251.4
29.5	263.8
59.2	223.6
61.0	189.8
62.1	248.9
45.5	237.1
50.1	226.2
52.6	254.5
58.9	258.4
52.1	248.6
51.7	242.6
66.0	219
45.7	252.9
51.5	254
46.6	271.3
51.9	254.7
55.6	254
54.1	241
58.2	215.1
57.8	279.6
66.0	238.1
69.6	253.2
60.2	248.2
68.9	236.8
56.9	246.3
60.5	256.8
51.4	252.4
59.0	256.6
60.3	242.9
51.0	266.2
57.6	263.8
56.4	263.1
49.5	246.6
56.7	248.5
46.1	262.6
52.1	251.4
51.2	251.8
46.6	254.6
49.6	242.4
54.6	253.6
37.7	272.3
17.7	262.9
51.2	256.3
52.4	230.6
48.2	260
50.3	259.5
68.7	259.2
65.0	261.3
50.0	253.5
45.2	250.6
42.2	234.6
45.3	244.6
34.9	271.7
37.3	237.7
31.5	246.1
56.2	227
48.5	255.2
34.7	236.5
58.5	220.2
44.2	242.9
42.9	260.2
54.9	259.1
55.4	229.9
50.8	214.6
58.3	253.5
56.9	178.3
60.7	188.3
48.1	196.1
63.7	190.4
52.9	188
52.7	219.5
44.2	268.7
52.1	259.3
54.8	263.9
40.9	233.3
59.5	265
40.1	263.6
61.6	271.7
55.0	244.9
56.2	260.5
67.4	202
68.6	180.3
65.6	226.4
35.9	244
56.9	269.1
52.8	238.7
48.8	259.4
62.4	273.7
55.8	262.2
56.0	244.3
56.9	227.6
54.8	189.8
54.6	224.1
60.3	176.1
68.8	213.3
66.6	219.9
48.0	240.8
41.5	253.2
55.0	263.2
49.8	240.2
46.3	221.1
52.0	242.7
51.3	244.4
45.6	243.4
49.0	263.2
60.6	231.3
44.3	270.9
62.9	267
39.2	255.9
45.0	240.3
54.0	233.9
55.5	252.3
61.7	258.1
49.9	231
56.8	239.6
47.7	268.7
49.7	248.6
49.2	249.4
45.9	243.9
47.2	263.4
59.5	262.8
70.0	250.1
42.2	261.7
53.0	259.6
54.6	268.7
54.8	254.1
57.2	259.7
52.1	271.3
63.8	259.6
52.5	254.4
51.1	293.2
51.2	247.4
63.4	268.8
59.8	255.9
57.5	258.8
34.7	251.2
41.7	270.3
53.8	265
49.1	264.1
47.2	252.9
62.1	248.7
60.1	250
44.9	224.5
41.7	270.9
50.9	253.1
49.6	254.7
53.3	243.2
55.6	276.4
56.9	269.7
43.8	273
60.5	250.4
70.4	269.6
41.1	254.1
47.2	255.7
57.3	241.8
51.8	226.1
42.8	260.7
53.5	234.1
57.0	244.1
40.0	235.1
51.7	238.7
45.5	254.4
51.4	244.5
48.0	264.2
55.5	251
48.7	254.3
50.3	271.2
46.9	254.2
55.7	237.7
53.6	265.8
54.0	243.8
55.4	275.6
28.0	253.2
55.7	255.2
33.2	259
52.6	252.3
51.8	260.9
42.1	265.4
52.1	252.2
55.2	253.8
31.2	268
51.1	262.4
45.4	240.5
48.2	257.6
58.1	260.6
53.4	263.8
48.9	244.5
48.9	246
36.7	248.3
50.7	259.4
54.2	251.1
43.9	260.1
59.9	253
53.1	255.2
50.9	272.8
39.8	252.8
58.1	232.1
60.9	252.2
65.2	260.7
60.5	279.4
49.2	272.1
56.5	256.9
49.4	262.2
50.0	274.1
58.0	257.7
57.2	267.2
44.1	252.9
50.7	268.5
51.0	261.9
53.1	257.8
47.6	260.2
62.6	275.2
65.9	257
62.8	252.7
48.9	249
28.0	265.4
57.1	263.7
50.4	244.8
52.4	251.7
47.3	258
43.1	254.3
38.2	257.1
46.8	250.7
37.1	249.3
35.6	265
43.4	250.9
44.6	256.2
43.8	270.6
59.3	259.2
45.1	253.6
45.4	270.5
51.2	252.9
36.2	251.7
35.9	249.7
54.0	270
48.5	242.3
67.7	242.8
48.8	263.8
50.1	266
32.7	247.5
31.8	271.9
50.5	261.3
48.6	256.7
36.3	254.9
58.0	241.8
52.1	252.2
35.3	250.9
34.9	253.4
55.1	242
40.6	248.9
47.9	249.7
51.6	252.7
43.4	231.9
52.6	258.5
69.8	259.9
56.1	254.9
58.6	241.9
70.3	263.7
43.0	268.1
51.3	269.3
56.7	256.3
39.6	267.2
74.3	249.9
67.1	252
67.9	267.8
64.9	272
55.8	274.4
57.2	244.5
63.9	276.9
68.8	279.4
58.8	280.9
64.5	254.4
56.5	274.1
56.6	266.7
54.9	261.3
54.1	268.9
70.9	272.4
75.5	284.6
55.7	265.5
39.7	270.7
57.6	286
67.9	275.1
71.4	268.1
61.4	279.7
70.3	273.1
66.6	272.6
72.6	263.6
64.5	269.8
65.0	289.8
72.4	291.4
73.1	263.1
68.4	279.5
65.7	260.6
76.3	257.1
49.9	289.8
71.3	265.6
73.7	256.1
71.8	270.9
73.6	275.6
64.8	271
79.2	277.5
60.5	287.7
65.4	277.4
50.8	282.6
61.2	282.1
57.1	256.9
58.2	238.8
66.0	287.2
59.4	280.1
75.9	282.9
69.6	294
71.5	273.3
72.4	293.6
77.8	280.4
61.4	296.2
62.8	299.4
75.4	283.4
72.6	294.6
75.0	282.1
72.7	276.7
78.3	275.2
69.0	291
64.6	272.6
75.4	273
77.0	303.8
78.0	279.6
62.9	278.9
69.6	277.7
75.9	267.8
63.4	281.5
65.0	278.7
62.5	287.8
65.6	272.7
78.4	297.8
79.9	276.8
67.4	301.1
80.2	284.7
72.2	264.5
69.4	261.2
63.1	271.3
58.2	286.3
68.0	272.5
60.2	265.4
64.0	267.5
76.7	272.4
51.9	265.9
74.4	267.7
57.4	249.2
67.6	284.5
50.0	257.7
58.2	247.8
58.1	270.8
46.7	262.4
59.1	280.4
52.2	248
62.7	285.1
67.6	265.4
65.9	274.5
65.5	266.6
56.5	274.7
69.1	259.7
64.8	283.9
74.6	276.8
62.3	272.1
67.3	286.1
66.9	296.8
63.5	281.5
75.3	276.3
72.2	277.3
60.6	261.6
67.4	281
61.2	271.8
66.1	243.7
74.0	261.1
78.3	267.2
50.4	265.7
50.7	256.9
61.3	249.4
71.8	279
70.3	265.3
63.7	276.3
76.2	274.6
60.5	263.6
61.3	258.4
52.6	267.8
66.7	259.4
67.4	283.7
73.3	279.5
57.1	260
61.6	273.8
63.7	262.5
58.5	271.9
62.7	271.8
60.5	258.4
64.8	274.2
56.0	271.6
56.2	277.7
49.9	250.6
52.3	255.3
54.7	271.1
64.4	259.1
65.3	251.1
81.6	261.2
62.5	278.1
55.2	258.8
69.8	253.6
61.3	281.9
62.7	279.8
59.6	253.8
47.6	238.4
61.0	254.4
56.2	252
60.5	242.1
67.9	254.2
56.6	259.6
57.9	281.3
73.8	268.3
75.4	286.2
72.2	266
64.7	280.4
64.6	294.9
60.7	285.5
58.0	268.6
50.9	263.1
68.0	283.9
78.3	261.6
68.4	259.1
60.3	242.5
64.9	273.7
55.2	255.4
60.3	280.5
62.7	269.4
59.6	266.1
70.2	272
47.0	264.2
64.3	244.9
65.4	269.5
66.0	263.8
64.4	273.1
75.8	270.4
54.9	274
67.7	269.3
73.1	263.8
69.5	270.2
70.0	268.7
72.7	268.1
54.2	274.1
84.4	279
72.7	261.3
67.8	273.4
61.1	273.4
64.1	258.7
65.3	266.3
61.4	265.8
78.9	263.2
55.8	242.2
57.4	278.7
47.5	272.4
64.3	250.8
83.7	249.9
66.7	266.7
73.6	262.4
66.5	251.4
56.8	260.2
57.0	269
63.3	264.7
64.7	270.9
57.8	265.6
52.2	248.8
57.5	237.8
61.2	243.9
65.8	255.8
63.5	282
63.6	259.8
62.4	258
54.9	264.7
60.6	270.9
79.4	279.5
70.7	271.9
54.6	261.5
59.3	262.1
58.5	260.5
73.7	278.8
65.4	261.8
56.5	267.4
69.5	274.7
61.0	277.7
46.8	259.4
59.2	270.5
59.2	265.6
55.2	273.3
67.0	273.1
74.0	289.8
59.6	259.8
69.9	272.5
59.4	284.6
65.6	266.4
60.1	267.5
53.3	274.5
56.9	271.3
74.0	263
58.4	270
62.2	270.6
53.4	254.6
58.2	272.2
59.6	259.9
60.3	273.3
63.7	259.7
66.0	261.2
55.0	283.1
63.8	281.1
69.6	260.5
44.8	257.5
55.4	263.3
54.7	249.1
70.0	253.6
48.0	279
58.0	252.8
61.3	266
67.1	259.3
68.7	251.9
63.6	285.1
61.9	263.1
68.4	283.5
74.6	283.9
71.2	275.6
70.8	270.7
67.7	277.4
56.3	269.2
69.0	270.7
66.1	265
52.3	267.6
57.9	249.8
67.9	280.5
73.2	275.6
66.0	262.1
64.9	292
69.4	282.8
70.3	262.9
59.6	279.7
59.4	269.1
53.7	301.3
71.4	262.1
44.8	276
49.2	269.7
66.0	284.3
62.2	258
51.7	278.9
57.6	275.7
56.2	268.6
57.4	261.8
57.4	269.3
66.8	263.2
67.1	260.5
69.2	266.4
57.6	274.4
49.1	255.9
61.1	282.3
73.6	262.1
60.8	269.9
78.5	263.1
82.5	272.1
65.5	266.9
56.0	265
48.9	265.1
57.6	285.5
63.6	276.4
64.1	287.6
67.3	245.1
61.9	283.3
69.1	302.4
67.8	279.7
63.4	281.4
53.9	256.7
63.1	259
56.4	262.8
76.0	251.3
54.2	266.4
73.8	266.3
67.4	275
68.9	277.8
75.3	286.7
63.9	286.3
65.6	282.6
64.6	270.3
68.7	291.6
57.5	292.1
63.6	279.5
67.1	293.2
59.3	269.6
57.5	271.7
60.5	270.4
56.5	256.1
56.6	278.6
61.9	268
63.1	281.3
61.4	274.6
53.6	260.9
57.9	247.4
60.2	277.7
59.3	279.2
53.1	257.5
55.0	284.3
58.6	274.6
58.0	280.1
66.0	275.9
73.6	267.3
67.8	274.3
80.4	279.5
55.9	270.8
77.2	285.7
64.2	274.1
68.8	268.9
57.8	274
74.3	260.5
65.7	268.6
63.3	268.7
67.8	279.7
50.1	278.9
54.7	256.2
43.6	276.6
57.8	284.5
61.6	280.8
72.1	276
63.7	276.9
63.5	290.4
58.6	270.5
67.1	271.6
64.5	266.9
59.3	261.8
73.3	267.2
64.2	261.8
56.1	233.5
63.9	270.6
46.2	266.8
46.0	271.1
56.4	242.5
69.3	262.7
65.1	261.4
64.0	267.8
55.4	269.2
57.7	273.5
63.6	267.8
41.6	280.9
53.8	274.6
44.8	265.2
57.1	251.1
53.3	278.8
52.8	282.7
51.7	281.9
55.4	292.1
62.5	266.9
65.6	258.2
58.8	264.3
51.8	278.5
50.8	258.6
49.1	274.8
50.6	272.9
58.2	270.7
49.9	265
49.8	263
52.3	264.8
73.2	266.5
60.3	271.5
58.4	273.5
62.5	291.2
69.8	292.3
53.5	266.4
71.8	289.2
72.8	300.4
65.1	275.8
67.1	291.8
61.3	270.9
59.2	243.5
66.5	270.7
53.9	294
63.9	247.9
60.1	250.3
57.9	263.8
60.6	244
53.3	270.6
58.8	275.3
50.1	261.9
43.0	257.8
62.8	245.6
61.0	253.6
63.9	272.3
54.2	275
58.3	282.8
52.6	287.2
60.1	259.1
63.9	279.6
55.5	267.9
50.4	251.2
56.2	263.2
53.5	278.6
57.3	262.4
59.8	254.2
59.2	280.1
65.6	255.4
69.3	255.8
56.8	260.4
77.2	278.4
74.8	282.5
68.6	277.7
76.0	279.2
60.2	251.7
62.3	272
60.5	268.3
73.1	277.9
68.7	302.1
59.3	289.4
75.1	275.5
72.0	262.3
67.7	275.8
81.9	276.2
66.1	284.6
59.3	252.2
79.7	284.2
64.3	283.7
76.9	270.5
65.0	276
72.4	288.3
66.5	276.1
58.0	273
67.0	290.4
78.5	261
65.3	282.5
72.9	280.2
62.9	283.1
59.1	269.2
55.3	282.1
62.7	268
51.3	267.9
62.4	258.4
67.4	261
61.1	249.9
52.5	283.4
70.2	250.9
55.3	263.9
53.2	259.7
54.0	271.8
54.2	264.5
57.3	262.4
53.1	264.5
53.7	259.2
43.9	256.8
55.8	258
38.6	277
50.7	268.4
49.3	251.5
54.2	278.4
60.5	262.8
52.1	264.8
54.1	242.3
45.9	245.9
61.4	290
66.2	269.4
60.8	246.5
62.5	248.4
52.2	251.1
60.1	255.3
57.8	245.1
53.7	257.9
75.2	251
63.0	276.5
63.2	263.4
69.1	268
65.8	265.9
53.2	263.6
54.1	283.6
60.2	273.6
49.0	258.4
60.5	259.4
65.4	258
54.4	264.7
49.5	256.6
59.0	250.1
62.8	259.5
62.9	238.5
50.3	239.8
52.0	249.6
51.9	265.1
40.8	269.9
56.5	259.1
57.4	249.2
71.2	260.6
68.0	258
71.5	293.1
56.5	276.7
66.8	286.3
57.9	281.3
57.6	281.4
75.8	293.1
73.6	263.5
76.6	263.3
74.5	298.6
71.3	281.7
76.9	289.8
82.7	269.6
83.1	259.9
69.0	275.4
72.4	291.9
59.1	273.7
86.1	276
54.0	279.5
42.1	272
50.1	259.2
32.4	269.9
51.4	262.2
62.0	266.3
52.9	256.5
48.0	253
75.6	263.8
74.0	276.8
79.7	270
69.3	295.2
78.5	290.2
67.7	294.1
65.0	276.6
73.2	274.7
64.1	292.7
86.3	288.2
85.3	274.5
70.6	275
77.6	279.2
73.0	282.5
68.7	268.1
61.4	246.6
68.4	274
91.7	274.8
68.3	281.2
76.3	285.3
71.6	274.6
76.8	269.3
73.4	270.4
64.4	259.9
56.3	276.3
67.0	264.9
66.8	283.9
63.3	258
44.2	269.7
56.8	261.7
62.4	262
54.6	280.8
61.8	271.6
68.4	269.7
47.9	266.8
60.7	259.1
63.4	255.1
65.0	268.6
71.9	268.8
76.2	260.6
71.2	280.6
67.3	275.8
59.8	291.4
55.0	261.9
63.8	264.2
58.7	267.7
57.5	268.5
59.8	279.1
60.4	269.7
60.2	281.3
71.4	224.5
64.9	278.9
50.6	278
46.8	265.7
74.9	274.4
59.1	269.7
69.8	276.9
62.9	257.3
52.7	259.7
63.0	290.6
76.1	275.5
79.3	261.2
53.8	267.9
57.2	253.1
66.9	244.9
63.3	233.7
53.7	285.1
57.0	266.7
63.4	286.4
59.5	274.5
75.0	273.6
95.6	283.5
54.2	266.2
52.5	263.6
72.5	272.3
50.5	270.4
72.4	253.5
66.6	211
59.8	238.2
43.0	252.2
60.3	280
52.1	268.7
67.9	264.3
60.2	256
53.1	266.7
62.4	248.7
51.2	254.5
42.1	259.7
38.8	278.6
73.4	271.1
67.7	291.1
63.4	269.8
66.2	264.1
68.8	282.2
61.6	265.4
64.7	260.7
72.5	281.4
64.6	293.3
76.8	274.9
69.6	280.9
54.8	260.3
69.6	261.6
69.8	261.7
74.0	272.2
59.3	263.6
51.2	275.5
74.9	252.3
79.5	279
78.3	285.7
67.6	282.9
49.1	275.5
56.9	268.1
60.8	277.2
51.7	265.4
50.9	266.6
44.9	271.7
62.8	274.7
63.5	277
71.4	278.6
57.8	273.1
67.6	285.9
69.5	270.7
69.2	284.3
71.8	286.4
59.4	286.1
66.0	272.3
55.5	295
63.9	274.5
68.6	280.4
53.1	285.2
58.7	268
65.1	276.2
72.0	264.4
76.0	273.2
71.1	273.4
80.1	260.7
72.7	263.6
57.4	264
60.1	229.4
66.3	263.5
63.5	279.9
79.0	276.6
66.2	266
76.6	281.4
59.6	251.2
65.2	278.6
68.0	294.1
50.9	284.7
63.1	291.3
70.0	270.7
71.2	276
62.2	254.1
63.6	260.7
67.6	271.3
69.2	278.1
66.2	274.3
65.7	271.4
62.3	284.5
60.4	270.9
59.5	265.4
70.6	282.7
67.6	275.4
69.8	292.4
63.7	270
69.2	267.6
59.1	279
68.8	271
64.3	262.8
66.9	239.4
63.2	260.8
52.6	273.1
68.0	273
61.3	269.1
66.4	272.1
66.9	267.4
56.4	255.9
65.4	261.2
58.5	271.1
75.5	280.9
76.2	276
69.0	273.8
67.0	264.5
71.3	277.8
87.1	278.3
71.5	280.6
60.7	277.9
62.9	277.4
69.4	294.6
69.6	273.9
47.3	269.9
70.6	284.7
54.6	272.1
65.4	252.7
46.5	260.9
53.1	269.4
54.3	279.4
50.3	265.8
74.0	271.9
62.5	284.2
78.5	259.4
73.8	275.5
73.0	279.3
72.2	269
73.4	291.1
68.0	293
68.9	263.2
58.8	286.5
70.6	281.6
68.7	271.6
67.5	277.4
65.8	279.4
69.2	273.5
71.7	283.4
73.9	259.9
74.0	267.9
72.1	275.3
69.3	267.4
73.0	273.9
59.6	284.8
67.0	271.1
73.0	266.4
71.1	267.7
60.1	265.6
64.8	281.2
55.6	267.6
73.4	290.2
63.1	270.7
61.8	286.6
68.0	277.3
69.6	274.1
65.2	265.8
70.2	262.5
68.0	294.8
50.3	270.1
61.4	266.6
59.3	275.8
55.5	270.4
67.5	268.6
57.9	272.9
57.9	296.3
62.6	262.6
72.0	280.9
77.6	267.6
68.5	265.8
73.3	253.6
54.9	256
58.6	282.4
67.5	277.8
71.9	267
73.4	276.9
58.0	270
67.5	260.8
72.3	271.2
64.4	223.9
56.1	261.1
60.3	268.7
63.4	257.1
62.3	277.4
58.0	285.4
60.7	275
64.9	285.8
76.1	307.9
68.6	270.1
54.5	282.9
78.4	279.3
69.3	282.9
70.4	282.9
59.9	278.6
61.6	282.7
65.1	257
62.5	265.4
67.3	290.8
57.7	273.1
68.8	269.3
69.5	285.1
70.8	271.5
64.6	274.6
67.5	277.1
63.0	266.5
68.8	273.6
72.0	283.1
76.5	265.7
65.7	284
70.5	299.6
78.1	273.5
74.9	277.8
62.9	286.7
66.3	277.7
61.4	263
65.3	269.5
68.0	280.8
73.8	276.5
65.1	267.8
61.3	278.4
76.0	261.6
72.0	284.4
68.7	271
66.5	295.7
80.4	279
65.9	277
65.5	276.4
73.2	272.7
68.9	276.9
67.5	269.7
59.9	280.1
62.6	276.2
63.9	274
73.9	284.8
65.2	276
78.6	296.9
62.6	274.7
75.5	293.6
77.1	291.9
85.8	285.3
78.0	280.7
65.8	295.1
69.1	289
68.0	273
71.7	295
77.6	288.4
73.6	273
69.5	289.6
77.1	280.2
70.0	283.3
75.5	294.2
77.6	263.7
52.2	267.4
65.7	298.4
84.1	278.5
80.4	297.4
79.6	283
77.2	287.2
80.5	292.2
67.9	293.4
71.3	293
66.9	286.9
81.7	297.3
81.4	298.6
72.9	263.2
71.8	279.8
75.3	282
85.1	278.7
62.0	260.9
59.6	259.1
71.8	266.3
66.9	273.3
72.5	289.2
61.6	275.9
61.4	251.7
74.0	269.6
59.7	271.3
64.0	258.2
65.3	282.1
68.5	278.1
74.4	290
84.7	261.4
69.5	256.2
66.6	275.4
67.9	264.4
68.3	303.5
57.4	282
56.9	274.7
58.7	265.9
68.7	267.7
64.8	268.8
71.0	248
62.5	270
64.4	281.1
71.4	280.8
69.5	281.6
77.4	287.4
64.7	273.5
66.2	282.6
79.8	275.1
64.8	272.5
65.4	267.7
70.5	263.6
70.4	284.8
75.0	275
63.9	254.7
81.7	285.7
63.9	274.8
74.7	279.7
75.9	267.3
62.1	295.1
57.6	270.3
69.6	286
74.8	275.2
52.1	260.5
55.5	270.5
68.5	276.4
71.8	268.2
68.7	293.9
68.7	284.5
74.2	293.7
80.3	274
73.9	274.4
75.0	274.4
80.0	284.1
69.0	293.4
80.2	285.7
79.2	289.3
71.8	286
70.3	291.9
73.4	296.9
80.5	295
80.4	280.6
75.2	281.3
64.6	277.6
64.2	272.4
69.7	285.7
68.7	280.4
57.5	265
70.5	293.1
67.9	288.1
78.5	278.2
83.7	273.6
83.1	274.4
85.7	267.9
90.6	279
84.6	278.9
79.4	283.6
62.2	289.8
74.8	292.3
76.4	301.2
102.1	275.5
83.7	270.7
87.9	279.5
75.8	286.6
72.7	284.9
82.0	278.1
67.4	286.5
86.3	284.8
74.6	275.3
80.5	288.7
91.9	266.7
70.2	261.1
79.9	269.7
80.7	290.5
69.8	289.9
71.5	279
74.8	285.9
82.6	263.3
81.4	273.1
83.5	287.7
82.0	276.2
65.2	294.2
63.8	268.6
72.6	281.8
62.4	282.4
60.5	288.1
90.9	271.6
68.8	290.2
76.5	274.1
82.1	291.3
87.4	275.5
73.1	278.6
76.3	267.9
71.7	275.4
69.6	267.9
75.2	277.3
84.1	268.2
78.3	298.1
69.1	259.4
63.4	286.7
67.2	249.4
78.1	292.7
80.4	257
80.6	270.6
73.7	279.2
78.7	278.9
80.0	270.7
70.8	267.9
67.1	281.1
73.9	272.3
67.2	248.9
83.7	278.9
76.3	266.2
71.2	285.2
85.7	278.1
75.6	254.4
70.4	284.5
83.0	283.6
73.5	295.4
76.6	282.4
87.3	266.4
80.9	276.1
77.7	272.1
74.5	261.7
88.7	288.2
78.4	280.3
69.7	265.2
98.8	279.3
86.4	288
92.8	287.7
81.5	285.8
86.9	285.3
74.1	267.3
76.6	289.6
73.3	276.8
71.0	272.2
76.7	289.2
70.9	279.3
80.3	290
64.3	272.2
68.5	290.4
90.2	299.7
65.7	297.1
90.3	263.6
77.5	278.5
76.0	282.7
76.2	285.4
82.1	286.4
78.7	271.6
74.1	293
75.4	287.2
79.8	285.4
66.2	296.5
81.9	280.2
65.5	286.6
63.1	277.5
75.0	292.3
85.8	258.9
81.7	279.1
77.6	312.3
99.1	285.6
90.8	275.9
84.8	277.8
87.4	280.2
84.7	276
73.7	312.3
88.2	282.7
90.1	260
68.8	293.6
89.7	295.4
88.1	278.7
81.6	282.6
81.2	278.7
66.9	290.1
82.0	280.4
80.8	300
80.3	274.8
71.0	286.4
79.2	285.4
80.8	297.3
69.8	266.8
81.0	268.5
53.6	273.5
65.8	278.8
74.5	282.2
76.8	288.1
89.2	280.7
83.5	272.6
75.9	286.4
78.7	280.7
68.2	276.5
64.6	292.2
74.7	295.8
71.0	278.3
67.0	278.4
87.8	272.7
61.8	276.9
67.1	243.6
47.9	273.1
68.1	290
68.1	291.6
60.9	257.6
71.8	280.5
46.5	269.6
69.3	271
67.3	252.2
64.0	267.7
76.7	284.5
95.1	282.6
75.5	285.5
79.1	288.5
68.9	289.5
86.5	269.4
79.8	280.6
87.8	294.3
75.1	300.9
80.4	276.3
54.1	279.5
70.8	280.5
71.1	264
75.1	275.8
69.0	261.6
85.1	263.5
63.2	272
74.9	271.1
75.6	259.8
68.5	265.1
84.8	265
73.9	258.3
65.4	283.5
66.0	277.4
76.8	274.3
65.2	264.1
64.3	283.6
67.7	277.7
77.6	256
71.4	273.3
67.5	269.8
61.0	285.9
61.3	281.5
60.0	285
66.9	281.2
69.9	263.7
70.0	285.9
65.9	272.5
68.8	278.7
77.6	260.7
62.8	272.9
72.0	285.6
72.8	285.9
81.9	271.2
83.0	283.8
67.7	269.4
83.2	266.5
75.0	289
79.1	305.5
82.1	280.9
78.9	280.3
74.2	260.2
74.4	275.3
66.7	268.8
62.6	250.5
73.7	272.9
73.3	281.1
68.7	262.6
81.9	269.5
70.7	263.8
64.3	280.8
64.5	284
69.7	265.7
80.8	269.7
64.2	293.6
71.9	287.8
82.8	269.9
64.3	278
68.8	282.5
80.6	266
71.5	282.6
47.9	270.2
88.8	268.8
70.8	268.8
69.6	283.5
73.9	278
78.8	275.2
77.9	271.6
76.6	265.5
76.5	259.5
65.6	278.3
83.2	289.4
69.7	268.7
65.5	270.1
85.7	283.2
75.2	275.6
75.0	259.6
76.7	261.3
61.2	280
72.7	250.1
79.3	297.8
72.0	302
77.9	280.5
89.5	291.1
75.6	277.1
76.1	288.8
63.9	270.5
66.7	272.2
74.2	283.9
74.4	283.6
77.7	283.1
67.7	289.7
67.3	269.7
71.5	271.9
68.8	279.9
54.4	269.6
73.2	256.8
72.0	290.2
69.3	270.4
70.3	285.3
76.3	276
79.5	265.4
76.5	269.7
85.4	282.1
74.5	293
79.0	274.3
76.5	269.2
74.1	267.4
69.2	277.8
70.3	298.5
63.8	279.5
70.1	299.9
71.0	282.9
64.5	262
68.1	271.8
61.4	279.6
74.1	273.5
80.9	281.7
80.5	276.5
71.2	267.7
68.9	277.8
70.4	283.7
70.4	268.9
70.3	266.1
74.4	278.6
75.6	274.7
56.9	263.5
64.5	268
61.6	281
77.5	261.3
83.4	278.5
80.8	288.1
60.9	281.6
50.5	286.3
62.6	279
62.5	274.3
72.5	276
63.1	276.6
58.1	275.5
70.0	278.3
65.6	277.9
73.8	275.8
70.9	300.6
78.5	248.4
79.9	255.3
66.0	285.7
69.7	273.9
57.4	283.1
75.1	286.8
77.2	286.7
73.4	277.8
85.0	268.1
75.8	263.3
67.2	270.1
69.9	257.4
75.0	289.7
72.3	267.9
72.7	264.9
74.9	259.6
56.4	297.1
67.1	254.4
54.9	274.7
76.2	261
74.2	295.5
80.6	298.4
79.7	288.8
77.3	298.5
66.6	273.3
81.8	285.7
72.4	283.2
76.5	284.2
73.2	264
69.1	271.7
67.8	257.4
66.4	256
63.7	273.9
60.7	278
74.4	283.1
85.0	274.6
70.6	262.9
72.2	281.3
66.4	272.5
60.2	282.2
78.5	278.9
88.4	264.9
66.6	270
68.9	280
71.5	285
62.5	279.2
71.5	243.8
76.2	283.7
84.8	268.5
83.0	281.2
80.8	273.9
82.1	279
85.0	271.3
82.7	279.5
70.3	274.4
67.1	289
65.9	268.3
71.6	301.3
76.8	282.1
84.9	293.1
70.7	272.7
83.6	257.5
81.8	273.8
72.0	265.3
65.4	288.7
75.6	265
61.0	295.5
69.7	286.4
71.2	282
76.4	295
68.2	275.7
75.1	258.7
84.0	274.5
57.2	257.7
61.9	264.8
77.7	289.2
64.0	284.4
71.1	277.1
68.3	275.4
77.2	276.5
69.1	269.7
75.0	274.5
52.5	275.6
72.6	279
81.5	275.5
75.2	282.3
68.5	279
77.5	282.9
76.6	269.9
60.7	281.7
67.3	284.6
53.0	236.5
62.6	267.2
66.4	265.5
73.7	259.3
59.3	271
77.6	271.5
65.2	287.7
67.5	310.3
70.8	260.9
73.3	292.5
72.1	285.3
82.4	261.8
62.5	267
77.4	277.4
69.4	247.2
81.5	271.9
73.2	274.8
80.0	274
66.9	281.2
55.4	278.1
67.5	273.6
62.3	263.8
64.1	269.2
65.8	271.4
71.6	258.9
67.5	290.8
76.5	288
78.8	275
73.3	296.3
79.7	294.2
72.4	257.8
64.2	276
71.7	285.4
88.9	272.2
73.0	266
85.0	291.2
68.7	279.5
81.3	289.4
74.9	274
73.5	271.8
81.1	273.4
71.3	248
63.6	281.1
70.1	292.8
80.5	271.7
69.8	286.1
72.2	291.4
68.1	282.4
76.4	274
84.3	296.2
74.0	260
62.6	275.6
72.1	277.6
78.0	286.6
79.9	287.3
73.5	278.2
74.5	268.6
88.3	284.2
70.2	290.6
64.6	278.4
58.8	273.6
70.3	261.9
79.4	258.4
66.6	282.3
85.1	265.9
64.4	260.3
77.5	260.7
68.7	261.7
66.9	252
70.0	286.3
68.4	252.9
65.3	268.6
82.7	268
69.8	279.7
63.3	274.6
74.0	263.4
73.9	288.3
73.8	289.6
71.0	262.8
77.7	272.6
79.1	284.2
81.4	275.9
74.4	254.1
53.3	281.4
76.0	270.1
66.2	275.4
63.0	269.9
59.5	258
56.8	286.2
68.3	288.1
68.9	282.9
68.8	297
69.1	281.2
64.6	274
63.6	280.5
69.4	277.2
72.2	272
69.1	281.3
73.5	266.4
70.8	274.7
66.9	285
77.5	277.9
67.9	280.7
73.0	269.8
69.1	286.8
63.0	275.9
75.4	246.3
69.2	281.1
78.3	278.1
65.1	288.1
76.9	275.9
84.1	289.5
89.7	272.4
73.9	261
67.2	277.9
67.6	280.3
73.7	278.9
62.7	298.2
62.2	295.3
72.9	272.1
74.2	297.1
75.7	295.7
84.5	292.8
73.8	274
69.2	296.3
77.6	271.3
61.0	278.7
63.2	261.6
81.1	276
55.5	276
73.1	273.9
76.5	283.1
60.3	278.7
88.6	296.2
84.9	297.5
68.1	287.3
71.1	292.4
77.4	263.7
66.4	299.1
81.5	285
79.3	283.2
69.3	293.2
74.7	277.8
87.2	271.4
78.5	286.4
70.2	298.1
78.2	289.2
76.7	288.4
62.0	286.3
83.0	273.3
78.3	295.7
80.1	284.1
72.9	285.7
76.3	272.3
75.7	283
72.9	272.4
77.8	273
77.1	266.7
58.5	274.7
85.9	266.9
82.0	279.7
75.9	265
61.3	302.3
77.8	273.8
66.4	266.2
78.3	275.5
68.5	268.6
68.1	283.5
63.7	266.5
75.1	274.9
74.7	289.3
85.2	281.9
79.6	293.6
66.7	270.1
68.3	296.6
61.8	276.6
79.1	296.4
71.1	284.8
75.0	280
64.4	267.3
72.6	278.6
81.8	284.5
86.5	296.8
66.4	267.5
56.7	266.7
61.9	275.4
65.1	268.9
67.0	294.9
76.4	263.5
67.0	283.6
74.6	252.9
74.8	282.6
59.5	265.9
66.7	280.6
73.5	291
88.3	277.9
75.2	291.9
72.8	276
70.1	264.7
73.2	279.8
77.1	280.4
75.8	276.3
73.0	278.3
80.4	279.6
73.5	299.4
60.2	282.3
78.4	283
69.9	301.1
70.9	283.1
74.3	270.7
61.6	281.9
75.6	285.9
81.8	270.3
71.0	264
62.5	286.8
78.5	310.8
71.0	310.2
86.7	286
81.5	286.1
83.3	263.9
80.3	273.3
74.1	282.4
82.0	286.6
65.4	269.2
77.1	294.3
84.3	284.3
63.5	299.6
80.6	299.4
69.3	292.6
83.1	289.5
66.3	288.2
85.2	291.1
79.2	267.4
73.5	285.9
72.3	273.1
79.8	271.4
54.2	291.5
70.6	265.1
69.1	280.1
76.0	277.7
67.2	288.2
74.5	291
71.0	293
63.7	268.5
75.8	273.9
63.8	264.5
72.5	277.6
75.1	281.3
90.6	276.2
80.4	281.7
88.1	266.3
79.1	289
72.0	294.3
68.0	270
70.8	279.9
68.7	273.7
82.7	272.7
72.0	268.7
87.4	283.8
69.8	273.9
76.6	273.9
69.7	277.2
78.7	295.8
69.6	276.7
77.7	292.7
80.6	289.7
77.8	289.4
79.7	295.7
70.9	310.3
81.9	297
87.3	310.9
72.0	285.3
66.6	284.4
64.4	276.2
79.9	280.5
64.6	281
51.4	280.2
58.8	276.4
75.8	288.8
75.7	270.5
71.2	298.4
69.3	301.7
60.1	293.4
58.0	274.8
69.1	278.8
69.9	277.1
72.8	263.9
81.3	282.7
63.6	287.1
76.4	266.7
61.3	276.3
82.6	273.1
76.7	275.8
86.6	276.2
83.1	291.5
90.6	288.6
72.9	283.9
70.1	261
64.7	275.5
78.5	279.1
61.9	278.6
70.2	269.9
67.4	267.7
63.1	266.4
77.1	252.7
68.8	293.7
63.5	261.5
87.9	270.9
69.6	287.1
77.3	285.7
81.2	277.3
79.8	274.5
74.2	240.2
67.0	271.8
66.8	281.5
68.4	268.4
64.7	272.1
63.8	278.9
66.0	275.4
71.7	271.5
84.2	261.9
80.8	286.9
75.5	281.2
79.1	273.5
69.3	274.3
85.1	279.8
89.4	248.1
96.6	260.8
70.2	282.9
77.5	278.6
66.1	274.2
76.3	229.4
84.0	285.7
86.2	253.1
77.8	276.6
69.2	280.2
80.2	263.7
78.7	270
67.9	266.2
64.6	268.2
69.9	274.2
63.7	283.3
72.2	274.9
74.6	281.6
71.0	272.9
64.6	261.1
80.6	283.1
69.3	273.8
79.3	279.8
63.3	285
67.6	279.7
60.5	268.1
67.5	262.5
78.5	274.9
62.4	254.9
60.2	287.6
68.4	284.5
56.8	251.2
69.9	275.6
68.0	290.3
73.3	277.4
66.2	265.8
76.5	278.7
74.2	284.5
77.7	278.7
83.7	271.5
78.4	278.5
71.2	287.6
71.4	291.1
72.5	259.6
73.2	282
61.0	276.2
74.3	278
68.4	285.8
75.0	268.7
89.4	269.8
76.5	268.3
61.0	281
62.3	266.7
65.3	283.5
55.6	271.5
65.8	283.3
63.6	278.4
75.0	262
69.8	283.7
76.2	275
71.4	271.1
81.5	277
56.5	264.5
61.5	288.6
77.6	291.5
68.4	287.7
67.3	303.6
76.9	275.4
70.8	276.5
73.1	277.2
88.8	272.7
67.0	271.5
73.8	260.5
69.4	275
82.0	265.5
74.0	276.9
83.9	271.9
81.7	276.5
80.4	270.7
61.6	269.1
70.1	270.6
68.6	282.2
76.0	275.8
76.6	296.1
73.3	282.7
81.7	295.6
76.3	287.6
81.9	281
72.2	286.1
62.7	293.9
72.0	281.4
75.9	286.1
66.6	297.4
70.2	297.3
65.6	264.5
85.8	284.4
86.5	289.4
60.4	286.4
83.3	259.5
81.2	299
73.2	264.1
70.7	280.1
78.4	274.7
83.0	279.7
73.5	279.9
74.6	278.1
81.2	264.8
70.6	281.8
74.9	286.1
72.0	286.7
66.9	277.3
80.1	281.2
69.7	293
69.4	292.8
64.2	281.7
79.4	288.3
79.9	289.9
71.4	280.5
78.1	281.2
79.7	287.2
75.9	277.2
65.2	280.6
75.6	267.1
68.6	295.5
65.5	286
71.5	279.1
66.7	283.7
63.1	274.6
69.8	291.9
57.8	275.2
59.9	281.4
73.6	268.2
60.2	262.4
77.1	275.4
76.1	262
64.3	267.4
70.4	281.3
66.3	289
63.6	264.1
54.5	264.1
52.8	267.5
57.8	286
72.0	258.4
78.7	274.3
62.7	251
83.0	267.2
67.6	282.4
65.2	285.8
71.4	259.8
77.0	259.8
52.4	260.7
44.0	261.5
66.9	283.5
74.2	276
76.9	272
65.8	266.1
80.3	275.2
62.3	292.7
68.6	285.5
54.4	294.1
66.6	273.8
77.7	263.1
69.7	270.2
60.5	276.1
71.5	286.8
50.8	297.3
84.9	258.7
76.5	271
67.4	291.3
70.5	277.2
66.4	287.3
79.6	255.6
74.4	287.1
69.0	284.2
81.8	287.8
80.9	269.4
79.1	277.4
81.2	302.1
71.9	295.8
69.1	289.9
85.2	277.2
78.8	285.1
78.0	265.8
66.6	264.1
72.5	270.7
66.4	243.4
57.6	264.4
74.8	256.2
67.2	260
64.8	260
72.3	266
63.7	292.7
80.8	274.3
74.9	302.6
92.1	281.1
88.8	282.1
72.8	286.9
74.8	276.4
62.0	277.4
75.9	249.1
62.4	270.6
82.2	287.7
64.3	271.8
74.7	271.2
61.5	277.1
63.7	253.5
66.6	256.8
71.3	255
62.0	264.9
76.8	276.9
84.5	277.9
65.8	281
60.6	291.5
62.7	277
54.7	293.8
70.9	264
84.6	260.9
74.3	295.1
67.1	264.9
59.3	272.7
66.4	282
69.6	284.9
68.1	286.1
77.4	276.9
75.8	275.5
81.1	276.9
62.5	297.8
81.0	285.8
76.4	269.7
72.8	261.6
76.6	281.7
74.3	284.8
70.3	269.5
69.8	274.6
65.5	266.9
70.1	276.3
68.6	259.5
71.4	285.9
67.2	270.3
67.2	287
78.8	305.5
75.0	262.7
68.1	275.1
73.2	294
73.6	253.3
64.4	284.2
66.2	276.7
72.0	264.2
75.8	274.9
77.6	300.4
84.2	291.4
66.5	264.4
72.9	294.8
73.6	263.4
80.9	272.5
63.0	268.3
59.0	273.2
41.8	294.2
79.1	275.1
77.6	276.8
87.1	285.2
71.9	291.6
70.4	280.7
77.8	296.7
74.4	283.5
61.9	260
61.3	277.1
43.6	271.1
70.1	288.2
70.7	274.1
64.0	265.8
80.5	286.4
65.2	280.4
72.3	292.6
68.5	286
66.6	277.2
73.0	283.7
72.7	260
67.1	267.1
65.2	287.8
68.8	283.8
68.7	276.5
69.1	266.1
68.6	290
67.8	271.6
78.7	266
77.9	282.3
59.5	269.2
59.5	274.2
82.6	267.1
68.7	279.8
88.2	269.8
66.3	287.6
57.2	268.1
69.1	269.8
77.9	266.5
54.0	285.3
81.3	288.7
62.5	265.7
61.7	253.8
72.9	256.4
70.7	264.9
55.4	270.2
45.4	276.6
74.9	278.7
68.2	278
79.7	269.5
63.8	290.2
46.7	284.5
67.4	281.5
81.5	286.6
70.8	244.5
73.4	281.3
60.3	263.1
86.1	264.3
81.2	245.5
62.3	264.2
67.9	278.6
75.3	277.3
59.5	264
60.6	259
66.2	268.1
61.1	274
74.8	290.8
76.8	283.8
73.5	278.6
75.5	277.3
89.1	278.9
70.1	274.3
79.7	298.8
72.8	292.3
66.6	278.3
70.6	277.3
63.1	248.8
78.0	176.8
62.9	189.1
79.0	152.6
71.3	166.5
80.5	227
68.3	178.6
70.2	164.6
54.0	187.8
68.8	165.5
73.2	170.5
66.1	170.3
63.7	187
67.2	172.4
82.8	164.2
80.7	140.0
71.5	182.7
81.9	154.9
75.1	147.3
74.2	162.4
73.9	165.6
84.6	142.5
75.8	136.6
86.3	152.5
70.8	181
77.3	158.6
73.7	157.3
83.1	147.6
81.3	128.4
71.5	155.6
74.0	128.6
85.5	147.2
77.7	176.5
72.5	143.6
76.9	153.3
83.9	122.9
73.9	180.2
62.1	264
79.1	289.7
74.2	284.9
79.8	310.5
70.7	292.5
79.2	293.4
71.3	274.1
68.2	276.9
84.0	282.6
63.0	301.7
71.6	290.3
62.0	270
71.0	291.4
76.4	285.5
80.9	276.7
76.5	275.9
59.3	275.8
70.1	274.8
86.5	274.9
79.6	286.4
66.7	278.7
55.4	254.6
74.0	251.6
60.8	262.9
68.4	291.2
60.8	267.3
60.1	265.7
79.0	260.7
61.8	258.8
57.5	261
72.6	269
73.2	281.4
80.2	292
64.9	287.1
58.9	296.5
66.7	277.9
81.6	289.2
82.6	280.4
64.4	276.7
63.6	265.8
50.5	268.1
53.5	266.4
60.3	264.7
47.1	270.4
55.9	271.9
44.8	285.5
69.5	263.6
59.1	291.2
87.6	306.1
70.7	292.9
89.0	296.1
73.9	253.8
68.2	289
80.3	280.3
75.8	274.6
50.5	282
74.0	288.8
57.2	268.5
55.3	251.2
82.5	274.6
65.9	278.2
78.6	269.2
69.2	288.6
61.2	252.8
68.5	251.6
69.5	267.2
75.5	283.4
68.0	254.9
68.9	261.3
57.5	285.2
71.6	286.1
69.0	280.6
72.9	289.6
79.8	271
82.2	284.4
77.1	276.8
69.6	260.1
70.6	298
81.7	266.8
61.5	279.7
78.3	278.7
76.5	264.5
78.1	288.9
67.1	274.8
82.6	278.4
64.2	290.6
57.9	280.2
86.5	271.2
52.6	278.1
71.4	256.4
65.4	270.8
64.3	263.1
61.3	254
62.1	268.5
72.3	281.3
47.0	284.7
58.1	277.1
54.0	252.7
59.0	272.8
59.7	270.4
70.0	279.8
64.7	279.8
77.5	256
83.8	268.2
66.8	257.4
83.2	274.4
69.2	263.8
83.8	283.9
60.6	282.4
57.1	267
70.4	281.4
68.3	282.5
78.3	273.3
72.3	287.5
70.4	273.2
55.5	284.9
77.4	271.7
72.9	285.8
66.7	284.6
79.1	285.7
58.2	276.8
69.8	276.5
68.1	259.1
78.6	295.4
71.4	261.7
66.5	266.1
76.2	280.8
74.8	269
72.6	285
78.2	302.9
66.2	264.8
80.3	275.7
70.9	288.8
63.9	279.3
81.0	287.5
54.2	270.2
68.2	274
58.5	277.9
79.8	256.9
79.9	300.1
77.4	283.7
80.0	262.3
72.1	271.7
68.6	259.6
57.5	262.8
76.1	273
72.3	284.7
77.7	295.9
76.3	287
68.5	276.5
76.8	274.9
76.9	278.8
82.4	293.1
79.8	283.4
78.3	292.2
67.7	278.6
68.7	275.5
67.2	281
58.9	296.6
74.9	298.9
73.3	269
82.6	287.4
69.5	258.9
77.9	314.5
69.3	273.1
86.2	256.2
67.1	278
72.0	276.1
70.2	270.9
72.2	273.4
83.3	282.8
77.1	286.8
70.0	280.5
70.3	283.2
64.8	256.9
64.5	268.7
72.2	278.2
68.0	261.8
65.9	272
59.9	266.3
63.2	273.4
63.8	274.2
57.3	265.8
61.5	251.5
62.2	262
73.2	296.8
82.9	267.5
58.4	270.4
54.5	266.7
72.4	297.6
52.7	264.5
63.2	286.5
71.0	274.1
57.4	262
60.1	255.6
71.1	286.5
68.3	265.9
84.7	272.8
67.0	284.1
73.6	280.8
58.5	273.7
61.7	287.7
71.9	247.9
67.9	254.1
68.4	271.1
72.0	271.8
66.0	259.6
75.6	255
74.3	283.5
78.4	282
74.6	252.9
77.3	279.2
71.6	272.4
60.9	268.1
65.9	269.9
83.9	278.7
68.8	259.7
61.7	273.1
66.0	268.6
70.4	262.9
61.2	249.5
61.8	280.8
64.8	276.9
66.3	273.2
77.2	282.9
75.6	263.1
67.5	284.7
49.6	260
64.1	272.7
67.1	265.7
65.2	269.6
63.0	256.7
65.3	268.8
57.3	280.3
68.7	263.4
50.5	248.8
67.9	258.5
72.6	264.5
70.1	256.8
63.8	267.6
74.3	288
62.9	283.6
66.4	264.9
66.0	283.6
65.0	292.3
69.1	255.8
75.0	271
68.2	296.3
71.4	261.4
65.5	295.2
74.7	250.5
77.9	273
77.6	283.2
68.6	294
75.9	279.2
71.5	283.9
69.8	259.8
58.3	274.5
63.8	261
73.9	260.2
69.0	290
83.1	268.9
80.9	277.5
67.8	282.7
71.0	259.9
66.5	285.4
61.6	283.2
64.8	275.8
58.1	279.7
60.4	280.1
61.0	276.9
70.3	283.1
66.8	270.9
63.2	269.5
72.9	286.9
67.3	269.3
66.5	273
55.8	276.5
60.4	277.7
61.0	264.5
62.6	269
64.5	298.2
64.8	270.5
59.1	273.7
62.4	278.3
68.8	281
55.6	273.4
63.4	273.2
75.9	265.4
67.9	276.2
62.5	283.3
71.6	271.2
78.8	273.1
71.9	270.8
66.1	274.3
80.4	263.7
55.7	253.1
62.4	260.5
66.7	240.8
64.9	259.9
56.3	275
61.6	278.1
61.6	262
63.2	267.8
78.0	273.4
77.2	277.6
80.1	273.2
79.1	264.3
66.6	280.5
57.8	279.1
79.4	292.8
75.9	263
58.6	271.7
71.2	294.8
80.2	278.4
66.2	297.4
57.0	282.6
64.1	262.4
70.4	270.8
65.4	266.1
58.0	259.5
62.1	283.2
79.1	294.3
57.1	272.9
68.3	262.1
50.9	266.3
59.9	267.4
56.4	253.8
61.2	277.6
77.7	275.3
60.9	272.8
55.2	266.7
65.0	277.4
53.9	274.4
71.7	264.7
73.2	271.5
72.9	287.2
63.2	277.4
90.7	287.5
74.8	262.9
70.8	279.1
77.3	288.6
61.9	263.7
91.9	301.5
61.4	287.3
75.0	273.6
69.2	278.1
68.1	273.3
75.8	273.8
63.1	265
63.6	267.1
72.0	274
73.4	286.6
78.4	265.6
75.8	284.8
53.9	269.2
69.4	256.9
55.2	277.7
67.3	252.2
66.8	269
64.7	271.3
66.9	264.7
60.1	277.8
59.4	259.7
79.3	263.9
65.4	297.9
64.9	280.2
62.7	275.5
55.0	270.8
49.5	276.1
64.7	271.1
83.1	270.2
69.7	270.1
61.2	281.8
67.5	273.1
65.3	285.6
68.9	259.2
76.6	283.9
76.4	273.7
66.4	291.6
64.6	288.8
67.2	278.1
63.8	275.5
55.2	283
64.5	280.6
77.4	267
63.8	274.1
74.9	264.5
71.1	291.6
68.1	282.5
72.0	269.9
55.8	265.4
80.1	281.4
83.1	277.7
65.1	260.9
66.4	263.1
68.4	258.1
78.2	253
72.0	270.8
76.1	281.8
77.3	277.8
60.8	293.8
57.6	275.1
37.2	267.3
64.6	271.9
67.2	256.8
51.2	270.4
72.5	272.5
62.4	269.3
71.5	257.4
63.6	272.2
74.0	269.8
53.8	273.8
72.1	272.6
68.5	262.1
59.0	265.6
75.6	256.1
70.7	262.3
75.3	260.6
66.9	256.5
79.2	281
59.6	266.2
71.2	269.9
57.3	274.5
48.1	266.1
45.2	270.6
49.4	263.2
74.2	284.8
68.4	284.1
58.3	281.2
77.4	261.6
70.1	273.9
76.5	270.6
60.0	292.2
66.9	254.3
65.4	283.9
69.2	279.3
66.8	263.2
73.8	286.5
68.6	289.9
65.2	291.7
75.3	274.9
73.0	276.2
70.0	258.8
66.6	270.2
71.0	280.4
62.7	274.3
80.7	290.5
83.2	293.9
67.6	274.6
59.6	296.7
70.2	282.8
66.8	279.2
67.0	277
64.8	289.6
73.9	272.5
66.7	283.1
72.7	281.4
70.1	264.2
69.2	285.9
54.5	265.4
53.7	271
59.5	256.5
69.5	263.9
58.5	252.6
68.1	273
83.7	283.1
70.9	291.8
74.9	302.8
65.8	263.2
87.9	269.9
75.6	282.5
65.8	275.9
57.5	273.9
80.3	271
72.6	271.4
61.9	283.3
65.8	277
64.6	264.6
60.2	279
60.0	283.7
63.1	286.1
64.3	268.3
75.3	285.1
82.6	278.5
87.7	275.8
70.7	288.3
75.7	276.3
75.4	273.4
72.9	280.6
79.3	294.1
83.4	274.6
76.9	284.3
69.1	274.3
63.1	288.4
71.0	282.5
79.2	272.7
60.6	273.8
75.3	268.3
68.0	272.8
64.8	274.2
64.8	269.1
64.6	276.9
56.3	279.7
71.2	273.1
68.8	280.3
68.2	275.5
59.3	292.2
81.1	268.7
80.7	284.9
67.4	290.9
69.0	281.8
68.8	276.9
70.2	284.9
69.4	274.6
67.4	280.9
77.6	255.5
60.6	276.9
76.8	277.8
72.3	280.8
60.8	270
64.4	272
61.0	277.9
66.1	266.8
64.3	274.3
66.8	266.7
56.1	276
66.5	265.3
71.8	270
64.9	264.5
72.2	270.8
64.0	269.1
75.2	269.8
70.1	253.6
73.6	253
79.6	272.3
63.2	277.8
74.2	281.9
77.8	284.7
82.7	262.1
59.7	277.7
66.2	270
59.1	266.6
63.0	254.8
68.4	280.7
67.3	277.2
69.9	294.6
70.6	280.1
82.2	274.7
66.3	265.7
68.9	281.3
84.0	282.5
59.1	263.5
58.7	286.1
64.1	276.2
78.9	260.4
73.8	289.4
74.4	273.8
68.0	278.7
68.6	290.6
77.9	281.9
80.0	273.3
84.6	279.4
57.9	282.1
51.7	270.8
71.3	266
65.2	279.9
57.5	277.2
64.9	281.4
63.7	256.2
67.5	256.2
73.5	276.5
68.2	278.1
60.0	270.2
68.1	277.5
66.1	283
75.6	259.8
74.9	264.2
86.0	258
74.3	272.2
69.8	271.4
68.9	276.4
75.2	259.2
70.1	264.8
66.8	280.5
62.1	277.7
53.0	279.5
60.2	274.2
63.8	258.2
55.3	278.7
73.5	272.6
64.8	285.2
60.3	287.3
49.1	268.1
64.9	294.5
64.2	279.8
64.6	283.4
62.5	267.4
63.4	276.7
57.1	287.9
75.5	268.2
90.4	272.3
69.0	260.1
73.3	276.8
58.3	274.5
63.6	280.4
77.2	268
83.0	282.7
70.4	289.1
71.8	280.2
68.6	260.8
67.9	281.4
92.4	279.7
79.7	293.4
73.7	282
75.1	274.1
76.7	263.2
75.6	285.6
75.6	283.1
69.9	288.5
80.5	263.2
84.7	292.9
69.5	280.6
76.3	299.3
73.8	292.6
70.5	292.6
63.0	281.3
72.8	269.4
83.8	281.6
61.7	281.4
68.2	263.5
79.2	284.6
83.4	291.5
88.2	278.7
80.9	290.2
67.6	267.9
65.8	273
52.7	274.4
66.1	261.2
65.4	291.4
66.0	232
61.7	292.7
64.6	266.6
57.1	277.2
76.8	272.1
63.6	280
72.8	271.4
67.8	293.7
66.0	278.4
63.0	251.5
69.1	260.6
82.1	256
74.9	261.7
65.8	274.8
68.6	266.4
57.0	279.2
71.5	267.3
68.3	263.7
71.4	266.6
79.7	268.6
85.7	284
68.4	268.7
79.8	286.2
78.7	254.1
64.0	278.5
62.0	262
59.7	289.2
65.6	277.3
70.1	267.1
64.8	275.1
73.4	262
73.0	292.3
76.4	272.7
70.1	267.2
64.0	258
59.0	269.8
63.9	259.1
68.3	288.4
80.4	277.3
80.5	259.9
75.9	265.6
68.0	264
77.8	296.2
77.5	271.7
67.5	246.7
74.8	260.6
67.4	260.5
71.3	282.9
61.5	246.6
60.4	264.1
62.5	268.8
51.3	281.2
62.7	271.8
65.3	262.9
65.5	282
59.2	281
65.9	272.6
68.0	250.9
47.2	253.1
72.2	273
74.2	264.3
81.8	286.2
55.7	253.5
77.9	284
67.6	284.7
73.2	283.5
75.4	272.7
58.8	260.9
63.9	288.3
72.1	269.2
75.0	263.6
70.1	268.6
88.6	279.6
75.7	283.5
61.8	278.7
65.6	288.7
64.6	273.3
80.1	289.2
57.4	268.2
73.2	287.8
67.3	273.4
60.0	267.1
76.1	281.9
69.4	276.4
79.2	279.6
79.1	266.5
77.6	289.2
73.4	265
74.6	296.8
70.8	287.3
79.2	263.2
86.9	291.7
66.2	250.9
69.9	279.3
63.2	279.4
70.7	268.7
83.1	278.8
55.4	259.5
84.3	244
61.6	270.8
72.7	276.6
65.8	272.5
61.3	292.7
71.8	256.7
85.9	268.9
72.6	281.8
62.4	303.1
68.5	288.1
73.7	263
72.1	256.1
65.1	260.9
73.7	272.1
72.7	286.1
81.7	276.7
61.5	292.5
61.0	287.9
65.4	295.6
66.4	282.3
78.1	280.2
81.0	272.2
73.0	293.8
75.8	280.2
64.7	289.2
66.5	279.2
72.8	268.2
66.7	276.9
62.5	284.1
81.7	269.2
69.5	299.6
75.4	274.6
73.5	268
68.6	265.7
75.9	275.3
75.5	291.3
76.7	285.6
81.3	292.9
52.7	278
61.8	273.7
72.8	289.4
68.0	278.9
74.8	257
82.2	280
68.9	276.2
87.1	279.3
74.7	269.7
68.0	269.4
70.3	279.6
70.3	297.2
79.2	279.8
81.5	287.1
69.1	301.2
85.5	284.3
73.1	267.3
69.0	270.4
66.5	261.2
64.2	276.4
74.6	291.9
73.6	289.8
58.6	277.9
65.6	269.5
78.1	275.2
57.7	273.9
62.9	285.5
62.0	273.7
82.1	280.1
54.0	284.8
70.9	296.4
80.1	262.2
64.1	269.7
83.1	292.6
70.6	292.6
70.0	276
75.2	254
87.5	272.6
57.8	273.2
76.8	277.7
62.5	260
61.6	266.7
62.1	270.2
68.7	258.4
64.1	282.3
59.2	278
55.4	264.6
77.3	248.8
55.8	273.6
69.4	260.8
73.0	271.1
67.9	281.2
64.8	291.1
64.9	278.1
65.1	291.5
70.1	284.5
66.6	289.7
62.2	255
77.7	260.9
62.0	264
73.7	275.1
74.4	278.9
69.9	276
66.9	273.4
74.3	286.6
61.0	273.2
71.9	276.7
60.6	268.6
85.8	277.2
74.9	271
70.8	298.4
76.5	289
76.0	290.2
62.4	248.4
67.8	283.3
66.9	268.5
65.6	254.5
50.6	270.1
59.7	275.4
79.8	273.7
69.4	269.4
73.4	284.2
66.5	274.9
82.7	275.3
84.7	275.9
74.7	283.2
70.9	281.6
66.7	267.8
66.6	275.8
64.2	284.3
82.4	284.8
63.1	256
68.2	260.3
70.4	284.1
69.6	266.5
77.2	262.2
79.7	261.3
72.1	265.1
68.5	267.4
74.2	286
72.0	267.2
71.0	274.9
70.8	268.2
69.4	273
72.7	281.6
71.8	283
70.8	271.1
70.9	247.9
57.6	276.5
76.8	257.9
67.4	278.8
77.5	284.6
56.5	272.6
57.5	276.7
56.7	269.1
65.6	262.8
67.0	253.6
76.0	271.4
86.9	298.1
76.8	295.3
67.7	271.3
71.2	281.4
73.4	259.4
56.1	290.7
78.5	276.2
74.7	295.2
72.8	274.8
75.6	279.2
75.9	262.2
66.9	273.6
65.5	268.4
76.4	257.9
73.3	272.9
70.1	288.9
73.5	270.3
76.4	296
77.5	299.8
89.2	286.4
80.5	276
89.6	288.4
69.5	266.5
62.7	294.6
80.1	268.3
83.9	254.7
62.5	276.5
67.5	259.2
63.4	276.5
76.5	273.9
61.3	312.9
70.0	279.6
83.8	265
76.4	296.9
76.7	297.8
70.9	272
72.5	264.6
71.2	269.3
76.6	278.2
77.4	273.3
79.0	273.1
68.9	279
68.7	265.5
74.5	276.1
73.3	272.7
84.5	284.6
86.8	316.8
66.2	283.9
78.5	290.6
56.7	266.2
60.2	284.9
61.3	286.2
69.3	278.1
61.4	266
65.1	284
84.8	258
81.9	254.9
72.9	286.2
75.8	264.5
73.3	286.3
68.7	275
66.2	282
69.1	274.1
79.4	256
68.8	278.9
60.4	277.6
64.1	272.6
66.2	269.8
70.1	258.9
72.5	276
62.2	273.5
57.1	276.4
75.6	258.2
72.7	260.6
82.8	290.3
83.1	281.1
92.3	251.7
68.9	292.7
74.0	277.2
85.9	287.6
75.0	280.6
80.8	270.2
85.8	276.1
77.9	287.3
64.6	296.9
84.8	279.7
72.8	277.2
70.1	262.9
84.0	269.3
82.6	279.4
69.5	289.4
64.8	265.6
68.2	275.9
60.6	294.9
75.7	261.4
83.1	272.7
63.9	284.6
61.9	250.3
83.1	253.3
79.4	287.3
73.0	270.8
85.7	270.4
77.5	274.2
80.6	280
85.0	256.9
70.9	271.3
60.3	256.7
72.5	291.7
69.2	261.1
72.6	263
74.4	274.9
67.1	279.8
81.2	261.8
77.3	290.4
66.2	283.6
68.6	274.6
58.1	268.9
75.5	288.8
77.9	303.1
75.2	278.5
72.7	283
76.0	268.4
75.8	266.3
75.3	278.9
82.8	269
76.5	287.1
66.2	270.1
64.9	277.7
83.6	246.9
87.5	271
84.2	281.5
69.8	284.9
60.8	288.7
82.7	283.7
74.9	251.2
76.6	271.7
55.5	283.6
64.3	263.3
61.4	260.3
60.2	270.9
58.4	244
61.2	251
62.3	268.1
57.2	242
54.7	256.9
56.0	258
38.7	246.4
53.5	262.6
68.9	250.1
56.9	236.3
59.2	261.7
51.8	261.9
69.9	275.4
52.1	255.2
59.6	248.3
65.8	249.5
67.8	277.5
73.6	273.8
57.4	259
74.1	268.6
61.5	264.9
65.3	266
51.7	266.5
63.8	278.7
56.2	277.5
60.8	279.4
71.0	279.1
75.3	270.3
69.8	265.2
58.9	267.1
65.0	257.5
67.1	255.5
62.9	249.7
66.0	264
69.4	272.7
52.2	278.8
73.4	259
68.8	251.3
69.9	286.8
78.2	287.2
59.2	266.3
64.0	251.7
52.8	263.1
62.0	270.8
59.5	277.2
58.2	267.9
51.6	268.5
61.4	255.8
67.5	270.7
50.6	270.3
76.2	269.1
67.9	288.1
64.1	239.7
63.5	276.7
56.8	253.5
64.3	278.7
57.7	265.7
58.9	264.9
69.5	281
62.0	256.4
76.7	276.7
67.7	280.4
83.1	283.8
72.6	278.1
88.1	265.6
67.2	298.9
82.2	291.6
76.2	278.6
97.2	286.9
86.1	268.1
81.1	254.4
74.2	269.7
87.6	269.4
64.5	276
70.1	268.9
75.0	286.3
76.6	254.2
77.8	273.3
80.8	303.9
70.6	255.4
74.5	289.2
90.7	272.1
66.9	282.7
80.2	288.1
83.6	270.9
85.1	282.9
82.5	273.3
76.1	277.2
91.6	296.5
84.1	285.6
61.4	276.5
71.3	291.5
83.6	296.3
82.5	291.4
79.5	285.1
58.5	281.4
66.9	277.6
81.8	279
85.2	288
81.1	287.9
64.9	313.7
76.2	265.9
59.3	272.3
68.1	293.7
83.8	272.1
70.6	292.6
66.5	292.5
76.6	279.3
76.6	247.8
74.8	295.2
71.7	275.2
75.7	269.3
71.3	272.2
69.2	279.5
81.2	291.7
91.8	295.3
77.7	290.2
71.0	295.9
71.7	282.8
75.7	287.4
81.8	288.1
95.8	264.5
76.8	283.5
66.8	275.5
75.2	267.9
69.4	257.6
70.9	284.9
56.2	253.6
59.2	257.6
67.4	246.6
61.2	264.7
75.1	265.9
67.6	279.1
67.9	272.9
79.2	266.2
58.2	297.2
79.3	280.7
79.1	248.2
73.7	275.3
66.1	269.7
70.6	281.2
79.3	280.8
75.1	272.3
68.7	278.9
77.4	283.8
60.2	279.6
77.1	281.9
64.6	287.9
73.1	263.1
74.2	275.2
60.7	277.2
64.2	287.8
71.6	271.2
68.6	280.4
62.1	286.5
66.7	277.3
60.1	272.1
72.5	275.1
61.5	301.1
70.2	263.1
72.3	267.3
67.3	278.3
79.6	284.8
67.7	280.1
68.0	297.2
81.9	282.3
75.0	263.5
61.4	270.1
81.5	274.8
76.1	276.8
80.8	262.2
72.2	274.9
81.2	255
74.9	294.8
75.0	280.1
69.1	285.9
68.1	290.6
77.5	264.8
79.8	296.7
75.6	299.4
69.3	263
83.3	304.9
80.3	284.4
64.2	282.3
76.6	267.1
87.6	270.1
81.8	257.7
74.9	277.5
87.3	264.5
76.3	277.2
78.0	287.7
90.1	252.4
84.1	283.9
80.1	270.7
77.1	278.5
66.8	273.9
82.6	276.1
78.2	289.9
81.6	295
81.6	266.7
62.0	278.7
85.8	278.2
84.5	292.1
78.9	308.3
77.9	279.1
76.2	288.5
75.0	297.1
73.0	288
100.3	262.3
83.7	272
75.5	287.4
88.4	273.4
86.1	268.9
65.7	281.5
77.1	282.7
86.7	286.2
77.5	278
81.3	281.3
82.6	276.4
80.4	286.1
93.1	279.9
81.0	292.1
75.7	286.4
74.4	280.2
66.8	272.6
71.3	277.6
60.8	291.4
74.3	276.1
69.3	276.1
77.9	285.8
70.1	271.2
77.5	276.4
77.1	274
85.9	291.9
76.1	267.9
78.0	243.6
66.8	257.1
63.5	284.8
73.8	242.8
81.4	260.7
66.2	258.2
49.5	271.3
