61.4
68.0
59.5
69.4
78.7
72.8
67.6
73.3
61.3
61.5
64.1
62.3
63.3
58.7
66.1
51.0
57.5
69.8
59.7
62.0
64.1
65.0
65.9
73.3
56.5
66.3
62.0
47.4
47.4
69.1
58.2
64.6
54.1
52.9
53.7
69.2
61.5
69.1
67.7
69.1
74.3
68.1
59.2
72.7
67.0
63.1
64.2
63.1
57.0
70.4
77.6
51.7
54.3
55.8
61.1
61.4
51.1
50.7
55.9
63.6
62.8
64.4
53.2
61.1
56.1
70.6
71.6
63.3
63.4
57.1
74.3
66.3
67.7
70.8
66.1
59.4
67.4
65.5
65.6
65.0
75.7
77.8
66.3
53.3
78.3
73.1
55.9
63.3
56.9
53.4
59.7
47.9
70.9
70.0
83.9
68.1
55.3
60.2
67.0
71.8
57.7
69.8
66.5
65.2
54.1
69.4
53.8
81.5
64.1
60.0
63.5
67.7
61.9
60.6
55.9
55.0
58.5
53.4
47.8
59.7
52.4
64.9
71.9
75.5
59.8
48.5
62.7
56.0
54.4
63.4
63.4
58.2
58.8
66.0
68.8
66.0
64.4
62.7
62.4
61.1
70.8
60.5
57.7
67.7
67.5
68.2
59.4
59.3
55.3
54.2
62.9
57.1
71.2
61.3
57.9
61.8
66.3
75.2
59.5
56.3
60.6
60.0
78.2
78.0
59.4
56.2
66.4
65.4
61.3
61.9
59.3
69.6
67.4
65.2
72.5
68.9
58.8
61.4
66.5
63.6
78.3
65.2
73.0
75.3
67.2
69.9
63.0
53.9
45.1
48.6
58.5
67.9
63.1
61.1
66.7
73.4
56.3
77.6
66.9
50.8
60.7
70.1
60.6
52.4
76.4
74.2
79.2
68.3
49.5
65.8
72.6
56.7
48.2
66.7
64.6
66.0
66.6
82.6
68.1
54.4
59.7
60.9
76.0
65.3
50.7
59.6
64.8
63.3
63.8
56.2
61.5
67.3
72.7
66.4
73.8
62.0
56.3
57.2
58.9
60.4
75.7
61.7
71.3
65.4
50.9
59.2
74.1
66.5
71.2
58.9
73.1
71.3
64.9
64.0
55.5
64.6
68.8
62.2
61.8
57.3
67.0
64.8
60.9
74.7
70.1
57.4
63.2
59.1
60.8
54.7
73.2
65.1
56.0
60.3
63.5
64.5
78.0
73.8
78.8
67.3
65.7
78.2
80.4
73.7
64.9
66.5
64.4
69.7
44.5
61.5
59.8
66.7
64.6
54.2
41.8
67.8
58.4
56.4
48.7
45.0
49.7
47.7
52.0
55.1
56.0
51.3
57.9
69.9
66.6
59.2
71.8
51.1
68.8
51.4
66.0
57.0
44.7
53.3
49.3
46.0
47.8
62.0
45.2
41.7
61.7
57.8
52.6
39.2
45.2
41.2
61.1
60.1
55.2
56.0
48.0
50.0
67.9
56.0
64.7
51.1
51.5
49.9
56.1
58.1
44.0
59.2
61.5
46.9
52.8
65.9
62.5
60.8
56.1
59.2
61.5
61.8
66.7
70.9
63.5
69.7
47.6
48.1
54.9
60.5
58.9
57.8
57.8
58.6
52.9
50.7
50.3
46.2
64.4
51.7
51.9
57.6
57.9
48.5
45.5
45.2
55.7
51.8
52.0
53.7
59.4
54.5
49.3
42.9
36.2
54.2
45.3
57.4
58.2
56.0
52.5
59.6
58.9
48.9
57.5
49.9
64.8
59.4
58.5
70.6
64.0
46.5
61.7
68.5
57.6
55.2
76.3
61.0
50.0
49.7
51.3
54.9
36.4
41.2
49.2
53.8
55.3
65.8
53.2
55.8
47.9
50.5
66.1
52.0
62.6
59.3
52.7
44.2
54.0
71.3
66.9
62.8
59.0
56.6
51.1
56.1
60.0
53.1
48.1
58.0
66.3
64.7
59.5
70.8
82.3
61.0
66.4
61.5
65.1
59.7
41.7
63.9
64.9
64.8
56.7
53.8
62.2
55.3
60.8
51.4
66.1
76.5
68.6
64.0
62.2
54.1
63.5
67.5
57.1
61.1
64.4
46.0
58.9
59.1
53.9
70.2
63.5
64.4
85.5
72.5
59.5
54.7
54.5
55.8
58.4
53.2
50.5
49.3
38.9
57.3
56.9
54.3
74.4
46.4
54.6
57.0
59.6
68.6
58.7
52.0
47.8
62.9
67.2
64.6
60.5
55.1
58.6
49.0
54.6
58.2
37.9
61.4
55.3
60.6
52.7
52.9
56.8
48.9
54.0
55.2
50.1
74.2
57.0
72.1
47.6
52.7
56.7
72.4
68.8
60.3
52.1
60.6
68.9
64.1
53.2
65.6
67.2
68.6
70.8
55.7
62.7
55.5
69.9
58.5
74.0
78.5
62.9
60.7
48.4
54.3
56.0
59.0
53.1
60.9
65.7
70.9
72.1
57.2
60.9
80.1
71.8
69.6
58.7
62.2
59.0
74.3
40.4
57.7
54.8
57.7
39.6
56.0
48.5
55.9
53.9
56.3
48.6
49.7
41.1
66.2
72.9
64.8
69.6
53.6
53.6
59.7
56.0
49.1
46.5
59.2
49.0
49.5
55.6
59.9
63.4
53.0
58.5
53.4
41.8
47.6
48.5
54.4
64.0
48.8
55.9
54.2
70.4
50.8
57.5
49.8
57.6
58.4
60.8
64.0
45.0
57.3
55.4
49.2
57.7
67.6
56.5
64.9
58.3
53.0
56.0
43.3
58.4
60.6
41.1
52.7
52.4
48.8
43.4
33.9
36.4
48.7
53.9
64.1
48.1
47.9
58.2
60.6
60.2
72.9
54.8
60.0
50.5
40.5
64.5
47.5
50.1
61.0
57.2
64.6
71.9
45.2
53.9
50.5
47.7
70.5
48.2
63.0
51.5
58.8
51.7
58.9
60.6
63.6
45.8
53.1
58.7
48.5
59.7
61.4
54.2
63.0
74.4
49.3
57.8
53.9
61.9
58.3
54.2
71.4
60.5
65.9
63.6
62.4
63.2
52.0
64.8
57.0
56.9
63.9
60.6
45.2
64.9
71.0
54.5
72.6
63.4
58.3
47.3
58.1
72.9
60.7
51.2
49.9
54.8
50.9
68.5
48.2
59.8
47.5
60.7
58.8
67.0
56.5
59.8
53.0
56.1
65.5
63.2
53.0
63.2
71.2
51.6
56.5
56.2
64.0
56.4
47.1
72.7
59.7
50.7
62.2
50.7
73.5
58.1
65.8
64.9
49.3
56.0
76.6
56.7
59.6
63.9
50.2
58.9
57.2
66.0
65.6
50.0
59.7
58.8
69.9
63.1
51.5
45.7
66.3
60.7
66.4
60.8
57.1
50.2
49.6
62.3
53.5
58.1
63.1
58.9
66.2
68.8
51.3
65.1
67.4
55.5
51.9
54.4
57.3
45.4
67.2
48.9
50.4
44.6
60.9
50.4
44.0
58.4
66.8
53.4
57.8
61.8
58.0
57.5
67.7
56.7
51.7
55.6
65.8
65.9
68.7
67.1
61.4
57.0
66.6
45.2
69.3
65.7
52.3
60.3
56.6
61.4
71.2
66.5
55.1
71.3
71.3
59.0
55.8
53.6
62.8
68.1
65.6
74.8
57.9
69.3
59.3
63.0
58.3
55.8
67.1
62.4
58.5
69.1
62.7
64.0
61.7
54.2
60.1
56.4
61.8
63.3
61.8
69.1
59.8
53.6
58.8
55.4
39.9
49.1
67.9
57.3
62.1
67.5
60.2
44.4
59.8
64.4
59.5
55.4
63.8
55.6
55.5
49.5
69.5
76.8
55.6
52.7
45.3
65.6
67.4
58.5
62.7
50.4
65.9
64.4
52.5
64.1
60.3
70.2
46.6
55.5
59.1
51.8
52.3
58.6
52.8
47.8
54.1
45.8
46.6
58.7
43.1
54.2
62.3
75.1
73.5
68.9
61.6
73.6
67.8
80.2
73.6
84.7
76.7
60.8
56.7
62.2
51.1
81.6
70.2
69.8
75.9
69.7
66.0
64.3
56.5
63.3
62.7
62.4
60.4
76.1
73.7
73.1
59.7
48.4
72.6
68.4
70.2
64.1
52.1
57.4
58.7
69.8
64.2
64.1
64.9
62.9
53.6
63.8
57.9
60.2
62.5
61.5
64.8
42.1
58.0
46.4
63.1
52.9
65.4
52.3
47.9
68.9
56.7
77.8
72.5
56.4
53.1
81.9
50.0
80.5
60.9
74.9
77.1
61.5
69.0
55.2
52.3
60.1
60.8
67.4
63.9
65.6
65.7
60.5
34.8
69.0
60.5
62.6
68.2
65.8
56.9
62.5
66.9
62.1
53.8
51.3
55.4
70.3
70.3
56.6
42.8
44.7
70.3
66.5
60.5
55.4
59.0
56.5
71.2
56.4
76.3
77.7
61.8
62.0
71.0
67.7
64.7
59.9
60.1
67.1
49.5
56.0
51.0
53.5
46.3
57.8
47.6
50.8
61.8
59.6
61.5
51.4
52.8
58.0
61.0
54.9
61.5
74.1
63.1
65.4
53.6
75.4
54.3
50.7
61.9
44.5
41.2
47.9
44.3
42.0
68.4
58.6
56.9
64.0
55.8
50.8
61.1
53.3
56.5
52.7
55.4
48.9
54.6
55.9
65.6
54.3
60.2
52.8
53.0
57.3
57.8
50.5
58.7
66.1
54.9
66.2
56.1
55.0
58.9
70.1
63.1
54.7
65.5
68.0
66.8
49.9
38.5
58.7
45.7
51.0
59.5
39.5
63.4
38.1
51.1
44.6
44.2
41.6
25.7
45.1
37.6
43.5
40.5
52.3
52.0
39.0
41.0
47.8
34.4
50.2
38.0
54.2
41.5
41.0
48.1
39.7
50.3
56.4
38.2
48.4
40.4
40.4
45.4
55.2
60.7
42.0
41.3
52.9
49.1
46.9
40.7
50.4
43.1
40.0
37.1
48.6
62.9
50.2
40.7
41.6
31.4
39.6
34.8
50.8
64.6
49.5
45.3
67.5
70.7
51.5
56.1
49.0
50.9
61.1
46.6
53.1
71.0
58.8
53.9
51.5
64.5
61.2
48.7
44.5
51.5
43.0
60.7
49.0
51.7
44.6
55.4
42.6
49.4
62.0
61.3
62.9
59.3
56.0
44.7
56.4
55.3
55.9
62.4
56.5
55.3
68.9
45.0
47.5
60.2
53.9
38.5
51.2
61.8
52.5
50.3
32.0
35.0
45.0
36.5
42.4
36.3
40.1
56.9
56.8
56.0
57.8
51.2
39.5
52.9
32.8
54.7
48.3
47.1
55.2
52.6
48.8
48.0
48.7
54.6
48.2
39.3
51.5
59.6
55.6
39.7
29.8
48.1
54.3
56.0
58.9
41.3
38.1
46.5
43.1
40.6
42.6
53.5
55.1
42.4
50.6
38.7
53.7
46.9
52.5
54.1
44.5
49.4
47.9
56.6
58.8
48.7
62.8
59.0
65.0
42.2
59.0
51.1
37.7
53.0
51.9
46.3
55.9
54.0
54.6
80.9
64.4
47.4
42.1
42.0
43.9
44.1
50.3
43.4
56.2
49.5
63.8
49.0
55.7
70.3
49.4
53.9
37.7
46.7
44.1
43.4
60.5
61.9
60.3
56.3
29.5
50.3
49.9
53.0
58.5
50.2
41.2
42.6
38.5
37.3
46.7
46.2
46.1
53.1
57.4
67.4
56.4
37.5
46.4
41.2
38.8
49.9
44.2
43.3
40.5
47.4
46.0
41.0
46.2
49.9
48.5
37.4
48.1
63.6
53.7
64.7
62.2
52.8
52.0
53.1
45.0
50.1
48.2
67.7
49.0
51.6
61.1
56.2
66.8
66.5
53.9
55.4
52.7
50.9
58.6
49.0
42.6
48.5
49.8
57.9
57.8
55.1
61.7
55.5
53.1
48.5
53.0
60.9
63.3
51.5
50.8
59.2
47.4
52.8
59.2
62.0
57.6
59.2
53.4
44.2
54.8
52.7
63.0
51.5
67.1
59.0
54.9
55.9
59.4
63.7
71.8
55.7
60.9
63.3
57.2
59.7
54.0
49.0
56.1
66.1
59.7
63.7
60.1
56.3
60.9
79.3
72.6
50.2
30.5
52.5
63.6
53.8
59.3
52.3
29.5
59.2
61.0
62.1
45.5
50.1
52.6
58.9
52.1
51.7
66.0
45.7
51.5
46.6
51.9
55.6
54.1
58.2
57.8
66.0
69.6
60.2
68.9
56.9
60.5
51.4
59.0
60.3
51.0
57.6
56.4
49.5
56.7
46.1
52.1
51.2
46.6
49.6
54.6
37.7
17.7
51.2
52.4
48.2
50.3
68.7
65.0
50.0
45.2
42.2
45.3
34.9
37.3
31.5
56.2
48.5
34.7
58.5
44.2
42.9
54.9
55.4
50.8
58.3
56.9
60.7
48.1
63.7
52.9
52.7
44.2
52.1
54.8
40.9
59.5
40.1
61.6
55.0
56.2
67.4
68.6
65.6
35.9
56.9
52.8
48.8
62.4
55.8
56.0
56.9
54.8
54.6
60.3
68.8
66.6
48.0
41.5
55.0
49.8
46.3
52.0
51.3
45.6
49.0
60.6
44.3
62.9
39.2
45.0
54.0
55.5
61.7
49.9
56.8
47.7
49.7
49.2
45.9
47.2
59.5
70.0
42.2
53.0
54.6
54.8
57.2
52.1
63.8
52.5
51.1
51.2
63.4
59.8
57.5
34.7
41.7
53.8
49.1
47.2
62.1
60.1
44.9
41.7
50.9
49.6
53.3
55.6
56.9
43.8
60.5
70.4
41.1
47.2
57.3
51.8
42.8
53.5
57.0
40.0
51.7
45.5
51.4
48.0
55.5
48.7
50.3
46.9
55.7
53.6
54.0
55.4
28.0
55.7
33.2
52.6
51.8
42.1
52.1
55.2
31.2
51.1
45.4
48.2
58.1
53.4
48.9
48.9
36.7
50.7
54.2
43.9
59.9
53.1
50.9
39.8
58.1
60.9
65.2
60.5
49.2
56.5
49.4
50.0
58.0
57.2
44.1
50.7
51.0
53.1
47.6
62.6
65.9
62.8
48.9
28.0
57.1
50.4
52.4
47.3
43.1
38.2
46.8
37.1
35.6
43.4
44.6
43.8
59.3
45.1
45.4
51.2
36.2
35.9
54.0
48.5
67.7
48.8
50.1
32.7
31.8
50.5
48.6
36.3
58.0
52.1
35.3
34.9
55.1
40.6
47.9
51.6
43.4
52.6
69.8
56.1
58.6
70.3
43.0
51.3
56.7
39.6
74.3
67.1
67.9
64.9
55.8
57.2
63.9
68.8
58.8
64.5
56.5
56.6
54.9
54.1
70.9
75.5
55.7
39.7
57.6
67.9
71.4
61.4
70.3
66.6
72.6
64.5
65.0
72.4
73.1
68.4
65.7
76.3
49.9
71.3
73.7
71.8
73.6
64.8
79.2
60.5
65.4
50.8
61.2
57.1
58.2
66.0
59.4
75.9
69.6
71.5
72.4
77.8
61.4
62.8
75.4
72.6
75.0
72.7
78.3
69.0
64.6
75.4
77.0
78.0
62.9
69.6
75.9
63.4
65.0
62.5
65.6
78.4
79.9
67.4
80.2
72.2
69.4
63.1
58.2
68.0
60.2
64.0
76.7
51.9
74.4
57.4
67.6
50.0
58.2
58.1
46.7
59.1
52.2
62.7
67.6
65.9
65.5
56.5
69.1
64.8
74.6
62.3
67.3
66.9
63.5
75.3
72.2
60.6
67.4
61.2
66.1
74.0
78.3
50.4
50.7
61.3
71.8
70.3
63.7
76.2
60.5
61.3
52.6
66.7
67.4
73.3
57.1
61.6
63.7
58.5
62.7
60.5
64.8
56.0
56.2
49.9
52.3
54.7
64.4
65.3
81.6
62.5
55.2
69.8
61.3
62.7
59.6
47.6
61.0
56.2
60.5
67.9
56.6
57.9
73.8
75.4
72.2
64.7
64.6
60.7
58.0
50.9
68.0
78.3
68.4
60.3
64.9
55.2
60.3
62.7
59.6
70.2
47.0
64.3
65.4
66.0
64.4
75.8
54.9
67.7
73.1
69.5
70.0
72.7
54.2
84.4
72.7
67.8
61.1
64.1
65.3
61.4
78.9
55.8
57.4
47.5
64.3
83.7
66.7
73.6
66.5
56.8
57.0
63.3
64.7
57.8
52.2
57.5
61.2
65.8
63.5
63.6
62.4
54.9
60.6
79.4
70.7
54.6
59.3
58.5
73.7
65.4
56.5
69.5
61.0
46.8
59.2
59.2
55.2
67.0
74.0
59.6
69.9
59.4
65.6
60.1
53.3
56.9
74.0
58.4
62.2
53.4
58.2
59.6
60.3
63.7
66.0
55.0
63.8
69.6
44.8
55.4
54.7
70.0
48.0
58.0
61.3
67.1
68.7
63.6
61.9
68.4
74.6
71.2
70.8
67.7
56.3
69.0
66.1
52.3
57.9
67.9
73.2
66.0
64.9
69.4
70.3
59.6
59.4
53.7
71.4
44.8
49.2
66.0
62.2
51.7
57.6
56.2
57.4
57.4
66.8
67.1
69.2
57.6
49.1
61.1
73.6
60.8
78.5
82.5
65.5
56.0
48.9
57.6
63.6
64.1
67.3
61.9
69.1
67.8
63.4
53.9
63.1
56.4
76.0
54.2
73.8
67.4
68.9
75.3
63.9
65.6
64.6
68.7
57.5
63.6
67.1
59.3
57.5
60.5
56.5
56.6
61.9
63.1
61.4
53.6
57.9
60.2
59.3
53.1
55.0
58.6
58.0
66.0
73.6
67.8
80.4
55.9
77.2
64.2
68.8
57.8
74.3
65.7
63.3
67.8
50.1
54.7
43.6
57.8
61.6
72.1
63.7
63.5
58.6
67.1
64.5
59.3
73.3
64.2
56.1
63.9
46.2
46.0
56.4
69.3
65.1
64.0
55.4
57.7
63.6
41.6
53.8
44.8
57.1
53.3
52.8
51.7
55.4
62.5
65.6
58.8
51.8
50.8
49.1
50.6
58.2
49.9
49.8
52.3
73.2
60.3
58.4
62.5
69.8
53.5
71.8
72.8
65.1
67.1
61.3
59.2
66.5
53.9
63.9
60.1
57.9
60.6
53.3
58.8
50.1
43.0
62.8
61.0
63.9
54.2
58.3
52.6
60.1
63.9
55.5
50.4
56.2
53.5
57.3
59.8
59.2
65.6
69.3
56.8
77.2
74.8
68.6
76.0
60.2
62.3
60.5
73.1
68.7
59.3
75.1
72.0
67.7
81.9
66.1
59.3
79.7
64.3
76.9
65.0
72.4
66.5
58.0
67.0
78.5
65.3
72.9
62.9
59.1
55.3
62.7
51.3
62.4
67.4
61.1
52.5
70.2
55.3
53.2
54.0
54.2
57.3
53.1
53.7
43.9
55.8
38.6
50.7
49.3
54.2
60.5
52.1
54.1
45.9
61.4
66.2
60.8
62.5
52.2
60.1
57.8
53.7
75.2
63.0
63.2
69.1
65.8
53.2
54.1
60.2
49.0
60.5
65.4
54.4
49.5
59.0
62.8
62.9
50.3
52.0
51.9
40.8
56.5
57.4
71.2
68.0
71.5
56.5
66.8
57.9
57.6
75.8
73.6
76.6
74.5
71.3
76.9
82.7
83.1
69.0
72.4
59.1
86.1
54.0
42.1
50.1
32.4
51.4
62.0
52.9
48.0
75.6
74.0
79.7
69.3
78.5
67.7
65.0
73.2
64.1
86.3
85.3
70.6
77.6
73.0
68.7
61.4
68.4
91.7
68.3
76.3
71.6
76.8
73.4
64.4
56.3
67.0
66.8
63.3
44.2
56.8
62.4
54.6
61.8
68.4
47.9
60.7
63.4
65.0
71.9
76.2
71.2
67.3
59.8
55.0
63.8
58.7
57.5
59.8
60.4
60.2
71.4
64.9
50.6
46.8
74.9
59.1
69.8
62.9
52.7
63.0
76.1
79.3
53.8
57.2
66.9
63.3
53.7
57.0
63.4
59.5
75.0
95.6
54.2
52.5
72.5
50.5
72.4
66.6
59.8
43.0
60.3
52.1
67.9
60.2
53.1
62.4
51.2
42.1
38.8
73.4
67.7
63.4
66.2
68.8
61.6
64.7
72.5
64.6
76.8
69.6
54.8
69.6
69.8
74.0
59.3
51.2
74.9
79.5
78.3
67.6
49.1
56.9
60.8
51.7
50.9
44.9
62.8
63.5
71.4
57.8
67.6
69.5
69.2
71.8
59.4
66.0
55.5
63.9
68.6
53.1
58.7
65.1
72.0
76.0
71.1
80.1
72.7
57.4
60.1
66.3
63.5
79.0
66.2
76.6
59.6
65.2
68.0
50.9
63.1
70.0
71.2
62.2
63.6
67.6
69.2
66.2
65.7
62.3
60.4
59.5
70.6
67.6
69.8
63.7
69.2
59.1
68.8
64.3
66.9
63.2
52.6
68.0
61.3
66.4
66.9
56.4
65.4
58.5
75.5
76.2
69.0
67.0
71.3
87.1
71.5
60.7
62.9
69.4
69.6
47.3
70.6
54.6
65.4
46.5
53.1
54.3
50.3
74.0
62.5
78.5
73.8
73.0
72.2
73.4
68.0
68.9
58.8
70.6
68.7
67.5
65.8
69.2
71.7
73.9
74.0
72.1
69.3
73.0
59.6
67.0
73.0
71.1
60.1
64.8
55.6
73.4
63.1
61.8
68.0
69.6
65.2
70.2
68.0
50.3
61.4
59.3
55.5
67.5
57.9
57.9
62.6
72.0
77.6
68.5
73.3
54.9
58.6
67.5
71.9
73.4
58.0
67.5
72.3
64.4
56.1
60.3
63.4
62.3
58.0
60.7
64.9
76.1
68.6
54.5
78.4
69.3
70.4
59.9
61.6
65.1
62.5
67.3
57.7
68.8
69.5
70.8
64.6
67.5
63.0
68.8
72.0
76.5
65.7
70.5
78.1
74.9
62.9
66.3
61.4
65.3
68.0
73.8
65.1
61.3
76.0
72.0
68.7
66.5
80.4
65.9
65.5
73.2
68.9
67.5
59.9
62.6
63.9
73.9
65.2
78.6
62.6
75.5
77.1
85.8
78.0
65.8
69.1
68.0
71.7
77.6
73.6
69.5
77.1
70.0
75.5
77.6
52.2
65.7
84.1
80.4
79.6
77.2
80.5
67.9
71.3
66.9
81.7
81.4
72.9
71.8
75.3
85.1
62.0
59.6
71.8
66.9
72.5
61.6
61.4
74.0
59.7
64.0
65.3
68.5
74.4
84.7
69.5
66.6
67.9
68.3
57.4
56.9
58.7
68.7
64.8
71.0
62.5
64.4
71.4
69.5
77.4
64.7
66.2
79.8
64.8
65.4
70.5
70.4
75.0
63.9
81.7
63.9
74.7
75.9
62.1
57.6
69.6
74.8
52.1
55.5
68.5
71.8
68.7
68.7
74.2
80.3
73.9
75.0
80.0
69.0
80.2
79.2
71.8
70.3
73.4
80.5
80.4
75.2
64.6
64.2
69.7
68.7
57.5
70.5
67.9
78.5
83.7
83.1
85.7
90.6
84.6
79.4
62.2
74.8
76.4
102.1
83.7
87.9
75.8
72.7
82.0
67.4
86.3
74.6
80.5
91.9
70.2
79.9
80.7
69.8
71.5
74.8
82.6
81.4
83.5
82.0
65.2
63.8
72.6
62.4
60.5
90.9
68.8
76.5
82.1
87.4
73.1
76.3
71.7
69.6
75.2
84.1
78.3
69.1
63.4
67.2
78.1
80.4
80.6
73.7
78.7
80.0
70.8
67.1
73.9
67.2
83.7
76.3
71.2
85.7
75.6
70.4
83.0
73.5
76.6
87.3
80.9
77.7
74.5
88.7
78.4
69.7
98.8
86.4
92.8
81.5
86.9
74.1
76.6
73.3
71.0
76.7
70.9
80.3
64.3
68.5
90.2
65.7
90.3
77.5
76.0
76.2
82.1
78.7
74.1
75.4
79.8
66.2
81.9
65.5
63.1
75.0
85.8
81.7
77.6
99.1
90.8
84.8
87.4
84.7
73.7
88.2
90.1
68.8
89.7
88.1
81.6
81.2
66.9
82.0
80.8
80.3
71.0
79.2
80.8
69.8
81.0
53.6
65.8
74.5
76.8
89.2
83.5
75.9
78.7
68.2
64.6
74.7
71.0
67.0
87.8
61.8
67.1
47.9
68.1
68.1
60.9
71.8
46.5
69.3
67.3
64.0
76.7
95.1
75.5
79.1
68.9
86.5
79.8
87.8
75.1
80.4
54.1
70.8
71.1
75.1
69.0
85.1
63.2
74.9
75.6
68.5
84.8
73.9
65.4
66.0
76.8
65.2
64.3
67.7
77.6
71.4
67.5
61.0
61.3
60.0
66.9
69.9
70.0
65.9
68.8
77.6
62.8
72.0
72.8
81.9
83.0
67.7
83.2
75.0
79.1
82.1
78.9
74.2
74.4
66.7
62.6
73.7
73.3
68.7
81.9
70.7
64.3
64.5
69.7
80.8
64.2
71.9
82.8
64.3
68.8
80.6
71.5
47.9
88.8
70.8
69.6
73.9
78.8
77.9
76.6
76.5
65.6
83.2
69.7
65.5
85.7
75.2
75.0
76.7
61.2
72.7
79.3
72.0
77.9
89.5
75.6
76.1
63.9
66.7
74.2
74.4
77.7
67.7
67.3
71.5
68.8
54.4
73.2
72.0
69.3
70.3
76.3
79.5
76.5
85.4
74.5
79.0
76.5
74.1
69.2
70.3
63.8
70.1
71.0
64.5
68.1
61.4
74.1
80.9
80.5
71.2
68.9
70.4
70.4
70.3
74.4
75.6
56.9
64.5
61.6
77.5
83.4
80.8
60.9
50.5
62.6
62.5
72.5
63.1
58.1
70.0
65.6
73.8
70.9
78.5
79.9
66.0
69.7
57.4
75.1
77.2
73.4
85.0
75.8
67.2
69.9
75.0
72.3
72.7
74.9
56.4
67.1
54.9
76.2
74.2
80.6
79.7
77.3
66.6
81.8
72.4
76.5
73.2
69.1
67.8
66.4
63.7
60.7
74.4
85.0
70.6
72.2
66.4
60.2
78.5
88.4
66.6
68.9
71.5
62.5
71.5
76.2
84.8
83.0
80.8
82.1
85.0
82.7
70.3
67.1
65.9
71.6
76.8
84.9
70.7
83.6
81.8
72.0
65.4
75.6
61.0
69.7
71.2
76.4
68.2
75.1
84.0
57.2
61.9
77.7
64.0
71.1
68.3
77.2
69.1
75.0
52.5
72.6
81.5
75.2
68.5
77.5
76.6
60.7
67.3
53.0
62.6
66.4
73.7
59.3
77.6
65.2
67.5
70.8
73.3
72.1
82.4
62.5
77.4
69.4
81.5
73.2
80.0
66.9
55.4
67.5
62.3
64.1
65.8
71.6
67.5
76.5
78.8
73.3
79.7
72.4
64.2
71.7
88.9
73.0
85.0
68.7
81.3
74.9
73.5
81.1
71.3
63.6
70.1
80.5
69.8
72.2
68.1
76.4
84.3
74.0
62.6
72.1
78.0
79.9
73.5
74.5
88.3
70.2
64.6
58.8
70.3
79.4
66.6
85.1
64.4
77.5
68.7
66.9
70.0
68.4
65.3
82.7
69.8
63.3
74.0
73.9
73.8
71.0
77.7
79.1
81.4
74.4
53.3
76.0
66.2
63.0
59.5
56.8
68.3
68.9
68.8
69.1
64.6
63.6
69.4
72.2
69.1
73.5
70.8
66.9
77.5
67.9
73.0
69.1
63.0
75.4
69.2
78.3
65.1
76.9
84.1
89.7
73.9
67.2
67.6
73.7
62.7
62.2
72.9
74.2
75.7
84.5
73.8
69.2
77.6
61.0
63.2
81.1
55.5
73.1
76.5
60.3
88.6
84.9
68.1
71.1
77.4
66.4
81.5
79.3
69.3
74.7
87.2
78.5
70.2
78.2
76.7
62.0
83.0
78.3
80.1
72.9
76.3
75.7
72.9
77.8
77.1
58.5
85.9
82.0
75.9
61.3
77.8
66.4
78.3
68.5
68.1
63.7
75.1
74.7
85.2
79.6
66.7
68.3
61.8
79.1
71.1
75.0
64.4
72.6
81.8
86.5
66.4
56.7
61.9
65.1
67.0
76.4
67.0
74.6
74.8
59.5
66.7
73.5
88.3
75.2
72.8
70.1
73.2
77.1
75.8
73.0
80.4
73.5
60.2
78.4
69.9
70.9
74.3
61.6
75.6
81.8
71.0
62.5
78.5
71.0
86.7
81.5
83.3
80.3
74.1
82.0
65.4
77.1
84.3
63.5
80.6
69.3
83.1
66.3
85.2
79.2
73.5
72.3
79.8
54.2
70.6
69.1
76.0
67.2
74.5
71.0
63.7
75.8
63.8
72.5
75.1
90.6
80.4
88.1
79.1
72.0
68.0
70.8
68.7
82.7
72.0
87.4
69.8
76.6
69.7
78.7
69.6
77.7
80.6
77.8
79.7
70.9
81.9
87.3
72.0
66.6
64.4
79.9
64.6
51.4
58.8
75.8
75.7
71.2
69.3
60.1
58.0
69.1
69.9
72.8
81.3
63.6
76.4
61.3
82.6
76.7
86.6
83.1
90.6
72.9
70.1
64.7
78.5
61.9
70.2
67.4
63.1
77.1
68.8
63.5
87.9
69.6
77.3
81.2
79.8
74.2
67.0
66.8
68.4
64.7
63.8
66.0
71.7
84.2
80.8
75.5
79.1
69.3
85.1
89.4
96.6
70.2
77.5
66.1
76.3
84.0
86.2
77.8
69.2
80.2
78.7
67.9
64.6
69.9
63.7
72.2
74.6
71.0
64.6
80.6
69.3
79.3
63.3
67.6
60.5
67.5
78.5
62.4
60.2
68.4
56.8
69.9
68.0
73.3
66.2
76.5
74.2
77.7
83.7
78.4
71.2
71.4
72.5
73.2
61.0
74.3
68.4
75.0
89.4
76.5
61.0
62.3
65.3
55.6
65.8
63.6
75.0
69.8
76.2
71.4
81.5
56.5
61.5
77.6
68.4
67.3
76.9
70.8
73.1
88.8
67.0
73.8
69.4
82.0
74.0
83.9
81.7
80.4
61.6
70.1
68.6
76.0
76.6
73.3
81.7
76.3
81.9
72.2
62.7
72.0
75.9
66.6
70.2
65.6
85.8
86.5
60.4
83.3
81.2
73.2
70.7
78.4
83.0
73.5
74.6
81.2
70.6
74.9
72.0
66.9
80.1
69.7
69.4
64.2
79.4
79.9
71.4
78.1
79.7
75.9
65.2
75.6
68.6
65.5
71.5
66.7
63.1
69.8
57.8
59.9
73.6
60.2
77.1
76.1
64.3
70.4
66.3
63.6
54.5
52.8
57.8
72.0
78.7
62.7
83.0
67.6
65.2
71.4
77.0
52.4
44.0
66.9
74.2
76.9
65.8
80.3
62.3
68.6
54.4
66.6
77.7
69.7
60.5
71.5
50.8
84.9
76.5
67.4
70.5
66.4
79.6
74.4
69.0
81.8
80.9
79.1
81.2
71.9
69.1
85.2
78.8
78.0
66.6
72.5
66.4
57.6
74.8
67.2
64.8
72.3
63.7
80.8
74.9
92.1
88.8
72.8
74.8
62.0
75.9
62.4
82.2
64.3
74.7
61.5
63.7
66.6
71.3
62.0
76.8
84.5
65.8
60.6
62.7
54.7
70.9
84.6
74.3
67.1
59.3
66.4
69.6
68.1
77.4
75.8
81.1
62.5
81.0
76.4
72.8
76.6
74.3
70.3
69.8
65.5
70.1
68.6
71.4
67.2
67.2
78.8
75.0
68.1
73.2
73.6
64.4
66.2
72.0
75.8
77.6
84.2
66.5
72.9
73.6
80.9
63.0
59.0
41.8
79.1
77.6
87.1
71.9
70.4
77.8
74.4
61.9
61.3
43.6
70.1
70.7
64.0
80.5
65.2
72.3
68.5
66.6
73.0
72.7
67.1
65.2
68.8
68.7
69.1
68.6
67.8
78.7
77.9
59.5
59.5
82.6
68.7
88.2
66.3
57.2
69.1
77.9
54.0
81.3
62.5
61.7
72.9
70.7
55.4
45.4
74.9
68.2
79.7
63.8
46.7
67.4
81.5
70.8
73.4
60.3
86.1
81.2
62.3
67.9
75.3
59.5
60.6
66.2
61.1
74.8
76.8
73.5
75.5
89.1
70.1
79.7
72.8
66.6
70.6
63.1
78.0
62.9
79.0
71.3
80.5
68.3
70.2
54.0
68.8
73.2
66.1
63.7
67.2
82.8
80.7
71.5
81.9
75.1
74.2
73.9
84.6
75.8
86.3
70.8
77.3
73.7
83.1
81.3
71.5
74.0
85.5
77.7
72.5
76.9
83.9
73.9
62.1
79.1
74.2
79.8
70.7
79.2
71.3
68.2
84.0
63.0
71.6
62.0
71.0
76.4
80.9
76.5
59.3
70.1
86.5
79.6
66.7
55.4
74.0
60.8
68.4
60.8
60.1
79.0
61.8
57.5
72.6
73.2
80.2
64.9
58.9
66.7
81.6
82.6
64.4
63.6
50.5
53.5
60.3
47.1
55.9
44.8
69.5
59.1
87.6
70.7
89.0
73.9
68.2
80.3
75.8
50.5
74.0
57.2
55.3
82.5
65.9
78.6
69.2
61.2
68.5
69.5
75.5
68.0
68.9
57.5
71.6
69.0
72.9
79.8
82.2
77.1
69.6
70.6
81.7
61.5
78.3
76.5
78.1
67.1
82.6
64.2
57.9
86.5
52.6
71.4
65.4
64.3
61.3
62.1
72.3
47.0
58.1
54.0
59.0
59.7
70.0
64.7
77.5
83.8
66.8
83.2
69.2
83.8
60.6
57.1
70.4
68.3
78.3
72.3
70.4
55.5
77.4
72.9
66.7
79.1
58.2
69.8
68.1
78.6
71.4
66.5
76.2
74.8
72.6
78.2
66.2
80.3
70.9
63.9
81.0
54.2
68.2
58.5
79.8
79.9
77.4
80.0
72.1
68.6
57.5
76.1
72.3
77.7
76.3
68.5
76.8
76.9
82.4
79.8
78.3
67.7
68.7
67.2
58.9
74.9
73.3
82.6
69.5
77.9
69.3
86.2
67.1
72.0
70.2
72.2
83.3
77.1
70.0
70.3
64.8
64.5
72.2
68.0
65.9
59.9
63.2
63.8
57.3
61.5
62.2
73.2
82.9
58.4
54.5
72.4
52.7
63.2
71.0
57.4
60.1
71.1
68.3
84.7
67.0
73.6
58.5
61.7
71.9
67.9
68.4
72.0
66.0
75.6
74.3
78.4
74.6
77.3
71.6
60.9
65.9
83.9
68.8
61.7
66.0
70.4
61.2
61.8
64.8
66.3
77.2
75.6
67.5
49.6
64.1
67.1
65.2
63.0
65.3
57.3
68.7
50.5
67.9
72.6
70.1
63.8
74.3
62.9
66.4
66.0
65.0
69.1
75.0
68.2
71.4
65.5
74.7
77.9
77.6
68.6
75.9
71.5
69.8
58.3
63.8
73.9
69.0
83.1
80.9
67.8
71.0
66.5
61.6
64.8
58.1
60.4
61.0
70.3
66.8
63.2
72.9
67.3
66.5
55.8
60.4
61.0
62.6
64.5
64.8
59.1
62.4
68.8
55.6
63.4
75.9
67.9
62.5
71.6
78.8
71.9
66.1
80.4
55.7
62.4
66.7
64.9
56.3
61.6
61.6
63.2
78.0
77.2
80.1
79.1
66.6
57.8
79.4
75.9
58.6
71.2
80.2
66.2
57.0
64.1
70.4
65.4
58.0
62.1
79.1
57.1
68.3
50.9
59.9
56.4
61.2
77.7
60.9
55.2
65.0
53.9
71.7
73.2
72.9
63.2
90.7
74.8
70.8
77.3
61.9
91.9
61.4
75.0
69.2
68.1
75.8
63.1
63.6
72.0
73.4
78.4
75.8
53.9
69.4
55.2
67.3
66.8
64.7
66.9
60.1
59.4
79.3
65.4
64.9
62.7
55.0
49.5
64.7
83.1
69.7
61.2
67.5
65.3
68.9
76.6
76.4
66.4
64.6
67.2
63.8
55.2
64.5
77.4
63.8
74.9
71.1
68.1
72.0
55.8
80.1
83.1
65.1
66.4
68.4
78.2
72.0
76.1
77.3
60.8
57.6
37.2
64.6
67.2
51.2
72.5
62.4
71.5
63.6
74.0
53.8
72.1
68.5
59.0
75.6
70.7
75.3
66.9
79.2
59.6
71.2
57.3
48.1
45.2
49.4
74.2
68.4
58.3
77.4
70.1
76.5
60.0
66.9
65.4
69.2
66.8
73.8
68.6
65.2
75.3
73.0
70.0
66.6
71.0
62.7
80.7
83.2
67.6
59.6
70.2
66.8
67.0
64.8
73.9
66.7
72.7
70.1
69.2
54.5
53.7
59.5
69.5
58.5
68.1
83.7
70.9
74.9
65.8
87.9
75.6
65.8
57.5
80.3
72.6
61.9
65.8
64.6
60.2
60.0
63.1
64.3
75.3
82.6
87.7
70.7
75.7
75.4
72.9
79.3
83.4
76.9
69.1
63.1
71.0
79.2
60.6
75.3
68.0
64.8
64.8
64.6
56.3
71.2
68.8
68.2
59.3
81.1
80.7
67.4
69.0
68.8
70.2
69.4
67.4
77.6
60.6
76.8
72.3
60.8
64.4
61.0
66.1
64.3
66.8
56.1
66.5
71.8
64.9
72.2
64.0
75.2
70.1
73.6
79.6
63.2
74.2
77.8
82.7
59.7
66.2
59.1
63.0
68.4
67.3
69.9
70.6
82.2
66.3
68.9
84.0
59.1
58.7
64.1
78.9
73.8
74.4
68.0
68.6
77.9
80.0
84.6
57.9
51.7
71.3
65.2
57.5
64.9
63.7
67.5
73.5
68.2
60.0
68.1
66.1
75.6
74.9
86.0
74.3
69.8
68.9
75.2
70.1
66.8
62.1
53.0
60.2
63.8
55.3
73.5
64.8
60.3
49.1
64.9
64.2
64.6
62.5
63.4
57.1
75.5
90.4
69.0
73.3
58.3
63.6
77.2
83.0
70.4
71.8
68.6
67.9
92.4
79.7
73.7
75.1
76.7
75.6
75.6
69.9
80.5
84.7
69.5
76.3
73.8
70.5
63.0
72.8
83.8
61.7
68.2
79.2
83.4
88.2
80.9
67.6
65.8
52.7
66.1
65.4
66.0
61.7
64.6
57.1
76.8
63.6
72.8
67.8
66.0
63.0
69.1
82.1
74.9
65.8
68.6
57.0
71.5
68.3
71.4
79.7
85.7
68.4
79.8
78.7
64.0
62.0
59.7
65.6
70.1
64.8
73.4
73.0
76.4
70.1
64.0
59.0
63.9
68.3
80.4
80.5
75.9
68.0
77.8
77.5
67.5
74.8
67.4
71.3
61.5
60.4
62.5
51.3
62.7
65.3
65.5
59.2
65.9
68.0
47.2
72.2
74.2
81.8
55.7
77.9
67.6
73.2
75.4
58.8
63.9
72.1
75.0
70.1
88.6
75.7
61.8
65.6
64.6
80.1
57.4
73.2
67.3
60.0
76.1
69.4
79.2
79.1
77.6
73.4
74.6
70.8
79.2
86.9
66.2
69.9
63.2
70.7
83.1
55.4
84.3
61.6
72.7
65.8
61.3
71.8
85.9
72.6
62.4
68.5
73.7
72.1
65.1
73.7
72.7
81.7
61.5
61.0
65.4
66.4
78.1
81.0
73.0
75.8
64.7
66.5
72.8
66.7
62.5
81.7
69.5
75.4
73.5
68.6
75.9
75.5
76.7
81.3
52.7
61.8
72.8
68.0
74.8
82.2
68.9
87.1
74.7
68.0
70.3
70.3
79.2
81.5
69.1
85.5
73.1
69.0
66.5
64.2
74.6
73.6
58.6
65.6
78.1
57.7
62.9
62.0
82.1
54.0
70.9
80.1
64.1
83.1
70.6
70.0
75.2
87.5
57.8
76.8
62.5
61.6
62.1
68.7
64.1
59.2
55.4
77.3
55.8
69.4
73.0
67.9
64.8
64.9
65.1
70.1
66.6
62.2
77.7
62.0
73.7
74.4
69.9
66.9
74.3
61.0
71.9
60.6
85.8
74.9
70.8
76.5
76.0
62.4
67.8
66.9
65.6
50.6
59.7
79.8
69.4
73.4
66.5
82.7
84.7
74.7
70.9
66.7
66.6
64.2
82.4
63.1
68.2
70.4
69.6
77.2
79.7
72.1
68.5
74.2
72.0
71.0
70.8
69.4
72.7
71.8
70.8
70.9
57.6
76.8
67.4
77.5
56.5
57.5
56.7
65.6
67.0
76.0
86.9
76.8
67.7
71.2
73.4
56.1
78.5
74.7
72.8
75.6
75.9
66.9
65.5
76.4
73.3
70.1
73.5
76.4
77.5
89.2
80.5
89.6
69.5
62.7
80.1
83.9
62.5
67.5
63.4
76.5
61.3
70.0
83.8
76.4
76.7
70.9
72.5
71.2
76.6
77.4
79.0
68.9
68.7
74.5
73.3
84.5
86.8
66.2
78.5
56.7
60.2
61.3
69.3
61.4
65.1
84.8
81.9
72.9
75.8
73.3
68.7
66.2
69.1
79.4
68.8
60.4
64.1
66.2
70.1
72.5
62.2
57.1
75.6
72.7
82.8
83.1
92.3
68.9
74.0
85.9
75.0
80.8
85.8
77.9
64.6
84.8
72.8
70.1
84.0
82.6
69.5
64.8
68.2
60.6
75.7
83.1
63.9
61.9
83.1
79.4
73.0
85.7
77.5
80.6
85.0
70.9
60.3
72.5
69.2
72.6
74.4
67.1
81.2
77.3
66.2
68.6
58.1
75.5
77.9
75.2
72.7
76.0
75.8
75.3
82.8
76.5
66.2
64.9
83.6
87.5
84.2
69.8
60.8
82.7
74.9
76.6
55.5
64.3
61.4
60.2
58.4
61.2
62.3
57.2
54.7
56.0
38.7
53.5
68.9
56.9
59.2
51.8
69.9
52.1
59.6
65.8
67.8
73.6
57.4
74.1
61.5
65.3
51.7
63.8
56.2
60.8
71.0
75.3
69.8
58.9
65.0
67.1
62.9
66.0
69.4
52.2
73.4
68.8
69.9
78.2
59.2
64.0
52.8
62.0
59.5
58.2
51.6
61.4
67.5
50.6
76.2
67.9
64.1
63.5
56.8
64.3
57.7
58.9
69.5
62.0
76.7
67.7
83.1
72.6
88.1
67.2
82.2
76.2
97.2
86.1
81.1
74.2
87.6
64.5
70.1
75.0
76.6
77.8
80.8
70.6
74.5
90.7
66.9
80.2
83.6
85.1
82.5
76.1
91.6
84.1
61.4
71.3
83.6
82.5
79.5
58.5
66.9
81.8
85.2
81.1
64.9
76.2
59.3
68.1
83.8
70.6
66.5
76.6
76.6
74.8
71.7
75.7
71.3
69.2
81.2
91.8
77.7
71.0
71.7
75.7
81.8
95.8
76.8
66.8
75.2
69.4
70.9
56.2
59.2
67.4
61.2
75.1
67.6
67.9
79.2
58.2
79.3
79.1
73.7
66.1
70.6
79.3
75.1
68.7
77.4
60.2
77.1
64.6
73.1
74.2
60.7
64.2
71.6
68.6
62.1
66.7
60.1
72.5
61.5
70.2
72.3
67.3
79.6
67.7
68.0
81.9
75.0
61.4
81.5
76.1
80.8
72.2
81.2
74.9
75.0
69.1
68.1
77.5
79.8
75.6
69.3
83.3
80.3
64.2
76.6
87.6
81.8
74.9
87.3
76.3
78.0
90.1
84.1
80.1
77.1
66.8
82.6
78.2
81.6
81.6
62.0
85.8
84.5
78.9
77.9
76.2
75.0
73.0
100.3
83.7
75.5
88.4
86.1
65.7
77.1
86.7
77.5
81.3
82.6
80.4
93.1
81.0
75.7
74.4
66.8
71.3
60.8
74.3
69.3
77.9
70.1
77.5
77.1
85.9
76.1
78.0
66.8
63.5
73.8
81.4
66.2
49.5
