77.8
87.4
71.6
74.7
72.5
73.8
76.9
96.3
55.5
68.1
82.6
85.0
97.1
84.9
80.9
95.2
62.9
74.3
65.5
81.6
94.0
81.7
96.2
77.8
83.0
74.5
85.0
78.7
68.1
97.2
71.5
76.1
85.5
72.6
83.3
61.6
73.5
88.4
74.8
55.9
82.6
62.1
79.5
95.1
73.4
79.2
87.7
83.4
69.8
83.2
76.0
73.8
74.0
73.1
71.6
90.0
79.0
67.1
91.9
59.3
85.2
74.8
76.5
89.5
63.9
91.3
87.7
73.2
70.9
85.3
73.9
71.9
94.0
69.5
90.1
88.3
71.8
100.5
90.0
86.1
91.2
98.0
82.2
85.5
79.1
87.9
81.1
78.5
72.0
64.8
84.0
69.8
94.3
73.2
87.2
86.8
67.6
70.2
65.6
76.2
107.1
85.4
86.5
79.5
84.3
75.8
72.6
76.4
78.2
81.4
74.8
78.9
74.3
90.7
100.5
77.5
69.2
78.8
78.9
53.6
60.6
86.9
70.5
82.9
75.7
81.2
99.9
87.1
84.0
78.4
99.8
86.4
84.2
88.4
83.5
68.9
82.0
82.3
81.0
87.3
71.3
65.3
85.1
77.2
82.3
95.0
73.7
74.4
83.9
71.9
83.2
74.4
67.7
84.0
75.2
86.4
95.3
77.1
93.5
85.5
83.8
84.3
77.5
82.4
84.7
79.1
85.5
87.1
78.9
77.4
85.9
66.9
79.0
46.4
69.3
74.5
71.7
86.6
68.9
90.5
77.4
70.5
80.4
70.0
63.2
74.5
87.6
68.5
65.8
71.3
64.7
75.2
86.8
85.6
80.6
67.9
85.7
54.5
69.9
70.9
60.6
73.5
88.3
69.1
99.1
73.9
103.9
82.8
76.1
84.6
92.2
90.0
85.5
70.8
90.0
68.0
70.7
81.7
81.3
77.3
43.3
73.2
71.4
78.3
85.0
94.5
75.5
72.2
68.3
82.2
93.4
69.5
78.2
71.9
80.9
67.5
88.5
61.3
73.0
63.0
96.4
82.5
83.2
72.0
86.4
81.6
76.6
71.1
86.7
80.1
83.6
84.0
92.6
76.5
89.0
69.6
79.9
83.1
79.4
87.1
69.4
78.4
84.2
83.7
69.5
84.7
84.9
86.9
57.9
76.8
77.8
82.5
95.3
85.2
70.2
85.8
65.3
75.8
76.4
101.6
102.3
72.2
87.8
70.1
163.4
163.9
169.0
170.8
176.0
186.9
258.2
211.4
186
196.5
254.6
240.2
239.4
217.9
239.2
228.2
251.6
260.8
225.9
263.2
242.3
260.8
256
248.3
277.5
270
256.9
240.9
248.8
275.7
257.6
245.9
246.6
265.3
255.8
270.9
260.4
159.8
229.2
237.5
243.1
241.2
260.5
237.7
241.7
259.4
249.9
249
227.6
247.3
269.1
255.8
257.6
244.3
273
240.2
249.5
264.5
229.8
258
270.7
252.5
262.7
237.6
234.3
259.1
268.4
245
263.1
238.9
256.7
243.9
227.4
240.5
276.5
259.6
244.9
266.7
250.3
250.1
267.8
261.6
259.2
269.4
254.6
250.9
256.1
268.6
265.2
233.1
246.7
248.5
231.8
255.8
280.9
233.8
247.6
269.8
256.8
262.9
252.1
253.3
257.8
240.9
272.1
275.2
263.6
245.9
260
251.4
255.5
241.8
243.7
272.1
234
241.5
239.5
248
252.8
270.9
252.8
282.5
266.9
232.9
262.5
270.6
284.6
259.7
247.8
260.3
276
248.5
259.8
241
247.9
269.3
256.5
253.6
256.9
271.5
243.6
256.7
255.6
237.6
249.3
284.3
263.3
274.1
239.2
223.2
254.3
258.8
242.5
238.6
242.2
229.7
257.5
247.1
241.9
240.4
230
241.8
245.1
243.4
188.8
241.4
250.9
235.3
248.7
233
234
250.7
231
230.4
240.1
247.7
246.4
247.5
245
275
261.1
261.8
252.5
280.7
280.8
250.5
227.1
245.7
253.4
243
230.1
240.9
222.2
231
281.9
261.7
266
273.5
249.2
275.4
245.8
245.8
262
242.1
240.1
242.5
256.8
249.9
247.8
266
263.5
246.6
255.7
266.4
245.4
264.4
245.9
253
267.6
265.3
267.8
269.1
261.9
253.9
276.8
271.7
275.1
276.8
263.8
255.7
253.5
254.8
245.1
257.4
268.5
253.5
252.7
259.5
269
268.4
247
238.1
241.3
270.2
276.8
263
257.6
271.8
253.1
286.3
253
249.6
254
264.4
240
270.7
250.8
265.9
267.3
256.2
252.8
260.5
257.3
252.3
261.5
240.7
264.7
235.5
269.2
264.8
258.5
269.5
258.1
266.9
265.5
266.9
251.7
242
265.5
271.9
255.6
258.9
254.6
269.6
263.6
251.7
257
226.6
230
245.3
231.8
243.8
230.5
244.2
238.7
226.9
224.6
244.3
245.1
223.9
240.4
242.5
238.7
257.1
250.3
245.4
259.1
247.6
245.3
241.8
255.7
254
252.9
250.9
258.3
226.8
256.5
241.1
261.6
259.6
227.4
241
230.4
261.3
228.6
221
201.1
240.2
238.1
243.2
254.1
229.9
218.6
229.7
250
225.8
257.6
257.8
257.1
241.7
246.5
231.9
247.3
232
249
237.4
243.2
234.3
244.3
237.5
253.2
244.5
267.4
265.3
256.8
255.9
226.9
246.8
239.3
260.7
257.3
236.7
246.4
258.7
263
254.9
260.4
254.3
250.4
250
245
227
231.2
234.7
258.2
272
228.4
249.7
256
271.9
244.4
248.2
242.1
249.1
244.4
240.9
242.3
247.7
243.8
275.2
251.4
249.8
230.7
218.4
261.2
221.8
232.3
261.9
241.5
237.6
251.4
243.5
271
248.8
250.3
258.8
244.8
228.2
260.5
281
255.5
250.8
249.5
242.4
244.3
266.6
263.1
264.5
260.6
265.5
268.7
252.7
253.6
229.6
255.9
247
254
255.3
245.1
276.1
246.4
243.1
272.3
248.4
257.1
254.5
281.8
266.1
236.6
247.2
262.7
253.7
287.2
260.1
264.3
263.8
253
263.5
261.5
252.2
254
273.7
262.9
260.5
263.2
248.2
249.4
257.7
264.4
260.1
262.1
257.1
277.6
249.1
269.7
255.4
242
247.6
237.6
269.2
263.3
254.8
250
245.9
274.7
255.6
252.3
248.5
240.8
259
260.4
271.1
261.3
264.4
250.3
264.2
251.1
253.9
247.6
260.4
254.6
285.5
252.8
277.4
260.2
260.2
267.5
263.3
239.8
270.1
246.6
264.4
261.3
278.3
262.8
274
248.8
258.2
251.8
238
243
257
248.7
252.9
266.6
261.8
264.4
249
247.1
243.2
250.1
256.1
267.4
242.9
252.6
227.6
283.8
254.4
248.1
259.5
244.9
257.8
243.1
284.1
263
247.1
259.8
263.3
263.6
273.4
274.7
247.6
261.2
236.2
261.1
272.6
241.3
274.8
253.8
251.6
275.8
264.4
280.7
281.5
272
287.1
233
255.1
269.1
275.1
275.5
252.2
260.4
265.3
273.7
258.4
253.9
234.4
266
274.2
243
271.2
239.5
252.4
274.5
254.9
274.2
289.8
241.9
249.8
252.1
255.4
256.9
234.6
246.7
271.5
261.9
250.3
256.3
278.4
266.4
258.8
239.2
254.8
264.1
273.8
237.8
271.8
263.7
271.8
269.6
258.7
248.8
255.3
250.6
248.4
252.2
259.9
238.4
240.6
252.5
242.3
243.8
250.3
277.2
281.8
273.1
268.8
248.2
255
258.5
304.5
275.9
276.2
272.7
282.2
262.1
288.1
274.9
284.2
288.6
277.2
266.5
255.6
243.7
252.8
252.5
254.9
261.7
240.1
243
239
272.9
235.3
265
272.7
255.9
239.1
254.1
264.6
278.9
251.5
239.2
262.2
246.2
247.7
259.9
268.6
267.7
250.7
261
255.4
248.5
270.8
262.1
267.5
255.2
262.4
250.1
278.2
248.9
267.9
272.6
258.1
266.3
254.3
251.9
253
255.3
245.9
251.3
264.7
248.4
264.7
245.5
291.3
258.7
252.9
243.5
238.8
254.3
251.3
245.6
254.1
216.1
262.7
252.4
253.4
279.8
259.6
237.8
241.9
224.3
251.3
254.9
266.9
290.6
267.4
256.7
249.4
259.1
277.5
266.1
248.9
276.4
260.2
293.4
263.1
244.3
251.4
271.7
254.8
283.3
254.1
266.6
245.5
280.1
229.9
267.1
271.2
260.4
263.1
249.6
255.9
252.8
233.4
248.3
265.3
256.6
266.5
255.7
267
266.2
267.7
271.9
261
244.2
263.5
253.1
239.8
275.8
264.9
244
246.1
262.2
246.3
256.8
220.3
260.6
255.5
249.4
255.4
281.6
245.4
250.3
228.2
223.9
239.5
262.2
235.2
254
254.8
260
264.5
269.1
267.2
262.5
244.9
253.4
239.7
247.1
254.2
266.3
246.3
257.3
251.2
246.7
284
260
231.5
240.6
251
269.7
241.8
253.4
263.2
238.3
259.4
253
259.7
264.9
264.1
252.5
222.5
222.8
246.3
276.6
253.1
249.4
245.9
268.4
279.5
246.8
252.4
253.8
261.4
234.8
215.5
236.5
266.5
230.3
267.6
230.3
252.4
275.3
255
226.4
256.9
241.8
233.9
235.6
239.4
243.7
249.5
228.2
261.3
244.1
236.1
221.5
232.9
246.6
248.1
269.7
257.9
216.3
232.9
269.4
262.2
265.8
253.1
250.7
261.2
258.8
273.9
254.4
270
236.4
223.5
240.1
252.5
243.7
246.1
255.5
244.2
257
252.3
245.7
225.3
250.6
229.8
246.7
257.2
259.9
257.3
265.8
240.6
269
207.9
251.4
258.1
238.7
241.4
245.8
253.6
270.6
238.1
252.5
265.8
230.4
227
262
253.2
222.5
268.8
252.4
275.4
276.1
246.9
264.3
269.3
249.1
248.8
242.8
217.8
254.9
213.4
203.5
227.6
252.7
263.6
258.3
275.1
232.5
269.6
261.5
204.8
259.4
260.1
249.9
266.5
269.5
244.6
265.1
260.8
259.6
249.4
244.1
231.1
259.7
258.4
237.1
246.6
248.6
239.4
250.1
234.3
216.4
248.6
245.1
248
266.3
236.3
244.7
222
252.9
265
263.1
244.8
234
256
234.5
259.3
249.7
247
219.3
257.3
238.9
247.8
222.8
226.7
232.1
228.7
259.6
234.4
248.3
252.6
212
253.9
236.7
248.3
260
245.2
240.7
274.8
270.9
261.1
254.9
241.8
273.7
241.1
261.7
257.3
247.3
237.7
250.4
256.6
257.9
208.2
205.9
246.6
258.8
216.1
195.1
206.7
252.7
251.7
282.2
265.7
245
236.9
239.9
206
258.5
235.5
233.8
231
268.1
246.4
233.1
256.3
256.3
259.8
240.3
266
268.8
245.5
244.6
228.5
246.7
255.4
250.6
248.9
250.4
263.9
248.7
242.9
249.6
279
244.8
252.4
252.1
252.7
249.9
239.1
268.3
244.9
232.1
250.5
239.2
220.2
242.3
221.6
277
247.6
257.4
243.1
273.4
239.8
248.2
270.8
249
247.1
265.9
264.9
241.6
249.3
250.1
265.4
259
249.6
257.7
255.3
250.8
267
254.7
264.5
266
238.5
241.7
266.8
261.9
261.4
246.7
256.3
273.4
251.6
244.4
274.5
256.4
251.9
261.3
258.5
252
256.4
258.1
238.1
254.4
254.2
246.5
229.2
249.1
237.1
237.7
233.9
236
231.4
236.6
227.3
264.8
260.3
232.5
236.9
248.6
209.5
218.5
238.3
251.5
289.3
270.2
247.5
242
239.1
268.4
256.2
252.1
251.4
263.8
223.6
189.8
248.9
237.1
226.2
254.5
258.4
248.6
242.6
219
252.9
254
271.3
254.7
254
241
215.1
279.6
238.1
253.2
248.2
236.8
246.3
256.8
252.4
256.6
242.9
266.2
263.8
263.1
246.6
248.5
262.6
251.4
251.8
254.6
242.4
253.6
272.3
262.9
256.3
230.6
260
259.5
259.2
261.3
253.5
250.6
234.6
244.6
271.7
237.7
246.1
227
255.2
236.5
220.2
242.9
260.2
259.1
229.9
214.6
253.5
178.3
188.3
196.1
190.4
188
219.5
268.7
259.3
263.9
233.3
265
263.6
271.7
244.9
260.5
202
180.3
226.4
244
269.1
238.7
259.4
273.7
262.2
244.3
227.6
189.8
224.1
176.1
213.3
219.9
240.8
253.2
263.2
240.2
221.1
242.7
244.4
243.4
263.2
231.3
270.9
267
255.9
240.3
233.9
252.3
258.1
231
239.6
268.7
248.6
249.4
243.9
263.4
262.8
250.1
261.7
259.6
268.7
254.1
259.7
271.3
259.6
254.4
293.2
247.4
268.8
255.9
258.8
251.2
270.3
265
264.1
252.9
248.7
250
224.5
270.9
253.1
254.7
243.2
276.4
269.7
273
250.4
269.6
254.1
255.7
241.8
226.1
260.7
234.1
244.1
235.1
238.7
254.4
244.5
264.2
251
254.3
271.2
254.2
237.7
265.8
243.8
275.6
253.2
255.2
259
252.3
260.9
265.4
252.2
253.8
268
262.4
240.5
257.6
260.6
263.8
244.5
246
248.3
259.4
251.1
260.1
253
255.2
272.8
252.8
232.1
252.2
260.7
279.4
272.1
256.9
262.2
274.1
257.7
267.2
252.9
268.5
261.9
257.8
260.2
275.2
257
252.7
249
265.4
263.7
244.8
251.7
258
254.3
257.1
250.7
249.3
265
250.9
256.2
270.6
259.2
253.6
270.5
252.9
251.7
249.7
270
242.3
242.8
263.8
266
247.5
271.9
261.3
256.7
254.9
241.8
252.2
250.9
253.4
242
248.9
249.7
252.7
231.9
258.5
259.9
254.9
241.9
263.7
268.1
269.3
256.3
267.2
249.9
252
267.8
272
274.4
244.5
276.9
279.4
280.9
254.4
274.1
266.7
261.3
268.9
272.4
284.6
265.5
270.7
286
275.1
268.1
279.7
273.1
272.6
263.6
269.8
289.8
291.4
263.1
279.5
260.6
257.1
289.8
265.6
256.1
270.9
275.6
271
277.5
287.7
277.4
282.6
282.1
256.9
238.8
287.2
280.1
282.9
294
273.3
293.6
280.4
296.2
299.4
283.4
294.6
282.1
276.7
275.2
291
272.6
273
303.8
279.6
278.9
277.7
267.8
281.5
278.7
287.8
272.7
297.8
276.8
301.1
284.7
264.5
261.2
271.3
286.3
272.5
265.4
267.5
272.4
265.9
267.7
249.2
284.5
257.7
247.8
270.8
262.4
280.4
248
285.1
265.4
274.5
266.6
274.7
259.7
283.9
276.8
272.1
286.1
296.8
281.5
276.3
277.3
261.6
281
271.8
243.7
261.1
267.2
265.7
256.9
249.4
279
265.3
276.3
274.6
263.6
258.4
267.8
259.4
283.7
279.5
260
273.8
262.5
271.9
271.8
258.4
274.2
271.6
277.7
250.6
255.3
271.1
259.1
251.1
261.2
278.1
258.8
253.6
281.9
279.8
253.8
238.4
254.4
252
242.1
254.2
259.6
281.3
268.3
286.2
266
280.4
294.9
285.5
268.6
263.1
283.9
261.6
259.1
242.5
273.7
255.4
280.5
269.4
266.1
272
264.2
244.9
269.5
263.8
273.1
270.4
274
269.3
263.8
270.2
268.7
268.1
274.1
279
261.3
273.4
273.4
258.7
266.3
265.8
263.2
242.2
278.7
272.4
250.8
249.9
266.7
262.4
251.4
260.2
269
264.7
270.9
265.6
248.8
237.8
243.9
255.8
282
259.8
258
264.7
270.9
279.5
271.9
261.5
262.1
260.5
278.8
261.8
267.4
274.7
277.7
259.4
270.5
265.6
273.3
273.1
289.8
259.8
272.5
284.6
266.4
267.5
274.5
271.3
263
270
270.6
254.6
272.2
259.9
273.3
259.7
261.2
283.1
281.1
260.5
257.5
263.3
249.1
253.6
279
252.8
266
259.3
251.9
285.1
263.1
283.5
283.9
275.6
270.7
277.4
269.2
270.7
265
267.6
249.8
280.5
275.6
262.1
292
282.8
262.9
279.7
269.1
301.3
262.1
276
269.7
284.3
258
278.9
275.7
268.6
261.8
269.3
263.2
260.5
266.4
274.4
255.9
282.3
262.1
269.9
263.1
272.1
266.9
265
265.1
285.5
276.4
287.6
245.1
283.3
302.4
279.7
281.4
256.7
259
262.8
251.3
266.4
266.3
275
277.8
286.7
286.3
282.6
270.3
291.6
292.1
279.5
293.2
269.6
271.7
270.4
256.1
278.6
268
281.3
274.6
260.9
247.4
277.7
279.2
257.5
284.3
274.6
280.1
275.9
267.3
274.3
279.5
270.8
285.7
274.1
268.9
274
260.5
268.6
268.7
279.7
278.9
256.2
276.6
284.5
280.8
276
276.9
290.4
270.5
271.6
266.9
261.8
267.2
261.8
233.5
270.6
266.8
271.1
242.5
262.7
261.4
267.8
269.2
273.5
267.8
280.9
274.6
265.2
251.1
278.8
282.7
281.9
292.1
266.9
258.2
264.3
278.5
258.6
274.8
272.9
270.7
265
263
264.8
266.5
271.5
273.5
291.2
292.3
266.4
289.2
300.4
275.8
291.8
270.9
243.5
270.7
294
247.9
250.3
263.8
244
270.6
275.3
261.9
257.8
245.6
253.6
272.3
275
282.8
287.2
259.1
279.6
267.9
251.2
263.2
278.6
262.4
254.2
280.1
255.4
255.8
260.4
278.4
282.5
277.7
279.2
251.7
272
268.3
277.9
302.1
289.4
275.5
262.3
275.8
276.2
284.6
252.2
284.2
283.7
270.5
276
288.3
276.1
273
290.4
261
282.5
280.2
283.1
269.2
282.1
268
267.9
258.4
261
249.9
283.4
250.9
263.9
259.7
271.8
264.5
262.4
264.5
259.2
256.8
258
277
268.4
251.5
278.4
262.8
264.8
242.3
245.9
290
269.4
246.5
248.4
251.1
255.3
245.1
257.9
251
276.5
263.4
268
265.9
263.6
283.6
273.6
258.4
259.4
258
264.7
256.6
250.1
259.5
238.5
239.8
249.6
265.1
269.9
259.1
249.2
260.6
258
293.1
276.7
286.3
281.3
281.4
293.1
263.5
263.3
298.6
281.7
289.8
269.6
259.9
275.4
291.9
273.7
276
279.5
272
259.2
269.9
262.2
266.3
256.5
253
263.8
276.8
270
295.2
290.2
294.1
276.6
274.7
292.7
288.2
274.5
275
279.2
282.5
268.1
246.6
274
274.8
281.2
285.3
274.6
269.3
270.4
259.9
276.3
264.9
283.9
258
269.7
261.7
262
280.8
271.6
269.7
266.8
259.1
255.1
268.6
268.8
260.6
280.6
275.8
291.4
261.9
264.2
267.7
268.5
279.1
269.7
281.3
224.5
278.9
278
265.7
274.4
269.7
276.9
257.3
259.7
290.6
275.5
261.2
267.9
253.1
244.9
233.7
285.1
266.7
286.4
274.5
273.6
283.5
266.2
263.6
272.3
270.4
253.5
211
238.2
252.2
280
268.7
264.3
256
266.7
248.7
254.5
259.7
278.6
271.1
291.1
269.8
264.1
282.2
265.4
260.7
281.4
293.3
274.9
280.9
260.3
261.6
261.7
272.2
263.6
275.5
252.3
279
285.7
282.9
275.5
268.1
277.2
265.4
266.6
271.7
274.7
277
278.6
273.1
285.9
270.7
284.3
286.4
286.1
272.3
295
274.5
280.4
285.2
268
276.2
264.4
273.2
273.4
260.7
263.6
264
229.4
263.5
279.9
276.6
266
281.4
251.2
278.6
294.1
284.7
291.3
270.7
276
254.1
260.7
271.3
278.1
274.3
271.4
284.5
270.9
265.4
282.7
275.4
292.4
270
267.6
279
271
262.8
239.4
260.8
273.1
273
269.1
272.1
267.4
255.9
261.2
271.1
280.9
276
273.8
264.5
277.8
278.3
280.6
277.9
277.4
294.6
273.9
269.9
284.7
272.1
252.7
260.9
269.4
279.4
265.8
271.9
284.2
259.4
275.5
279.3
269
291.1
293
263.2
286.5
281.6
271.6
277.4
279.4
273.5
283.4
259.9
267.9
275.3
267.4
273.9
284.8
271.1
266.4
267.7
265.6
281.2
267.6
290.2
270.7
286.6
277.3
274.1
265.8
262.5
294.8
270.1
266.6
275.8
270.4
268.6
272.9
296.3
262.6
280.9
267.6
265.8
253.6
256
282.4
277.8
267
276.9
270
260.8
271.2
223.9
261.1
268.7
257.1
277.4
285.4
275
285.8
307.9
270.1
282.9
279.3
282.9
282.9
278.6
282.7
257
265.4
290.8
273.1
269.3
285.1
271.5
274.6
277.1
266.5
273.6
283.1
265.7
284
299.6
273.5
277.8
286.7
277.7
263
269.5
280.8
276.5
267.8
278.4
261.6
284.4
271
295.7
279
277
276.4
272.7
276.9
269.7
280.1
276.2
274
284.8
276
296.9
274.7
293.6
291.9
285.3
280.7
295.1
289
273
295
288.4
273
289.6
280.2
283.3
294.2
263.7
267.4
298.4
278.5
297.4
283
287.2
292.2
293.4
293
286.9
297.3
298.6
263.2
279.8
282
278.7
260.9
259.1
266.3
273.3
289.2
275.9
251.7
269.6
271.3
258.2
282.1
278.1
290
261.4
256.2
275.4
264.4
303.5
282
274.7
265.9
267.7
268.8
248
270
281.1
280.8
281.6
287.4
273.5
282.6
275.1
272.5
267.7
263.6
284.8
275
254.7
285.7
274.8
279.7
267.3
295.1
270.3
286
275.2
260.5
270.5
276.4
268.2
293.9
284.5
293.7
274
274.4
274.4
284.1
293.4
285.7
289.3
286
291.9
296.9
295
280.6
281.3
277.6
272.4
285.7
280.4
265
293.1
288.1
278.2
273.6
274.4
267.9
279
278.9
283.6
289.8
292.3
301.2
275.5
270.7
279.5
286.6
284.9
278.1
286.5
284.8
275.3
288.7
266.7
261.1
269.7
290.5
289.9
279
285.9
263.3
273.1
287.7
276.2
294.2
268.6
281.8
282.4
288.1
271.6
290.2
274.1
291.3
275.5
278.6
267.9
275.4
267.9
277.3
268.2
298.1
259.4
286.7
249.4
292.7
257
270.6
279.2
278.9
270.7
267.9
281.1
272.3
248.9
278.9
266.2
285.2
278.1
254.4
284.5
283.6
295.4
282.4
266.4
276.1
272.1
261.7
288.2
280.3
265.2
279.3
288
287.7
285.8
285.3
267.3
289.6
276.8
272.2
289.2
279.3
290
272.2
290.4
299.7
297.1
263.6
278.5
282.7
285.4
286.4
271.6
293
287.2
285.4
296.5
280.2
286.6
277.5
292.3
258.9
279.1
312.3
285.6
275.9
277.8
280.2
276
312.3
282.7
260
293.6
295.4
278.7
282.6
278.7
290.1
280.4
300
274.8
286.4
285.4
297.3
266.8
268.5
273.5
278.8
282.2
288.1
280.7
272.6
286.4
280.7
276.5
292.2
295.8
278.3
278.4
272.7
276.9
243.6
273.1
290
291.6
257.6
280.5
269.6
271
252.2
267.7
284.5
282.6
285.5
288.5
289.5
269.4
280.6
294.3
300.9
276.3
279.5
280.5
264
275.8
261.6
263.5
272
271.1
259.8
265.1
265
258.3
283.5
277.4
274.3
264.1
283.6
277.7
256
273.3
269.8
285.9
281.5
285
281.2
263.7
285.9
272.5
278.7
260.7
272.9
285.6
285.9
271.2
283.8
269.4
266.5
289
305.5
280.9
280.3
260.2
275.3
268.8
250.5
272.9
281.1
262.6
269.5
263.8
280.8
284
265.7
269.7
293.6
287.8
269.9
278
282.5
266
282.6
270.2
268.8
268.8
283.5
278
275.2
271.6
265.5
259.5
278.3
289.4
268.7
270.1
283.2
275.6
259.6
261.3
280
250.1
297.8
302
280.5
291.1
277.1
288.8
270.5
272.2
283.9
283.6
283.1
289.7
269.7
271.9
279.9
269.6
256.8
290.2
270.4
285.3
276
265.4
269.7
282.1
293
274.3
269.2
267.4
277.8
298.5
279.5
299.9
282.9
262
271.8
279.6
273.5
281.7
276.5
267.7
277.8
283.7
268.9
266.1
278.6
274.7
263.5
268
281
261.3
278.5
288.1
281.6
286.3
279
274.3
276
276.6
275.5
278.3
277.9
275.8
300.6
248.4
255.3
285.7
273.9
283.1
286.8
286.7
277.8
268.1
263.3
270.1
257.4
289.7
267.9
264.9
259.6
297.1
254.4
274.7
261
295.5
298.4
288.8
298.5
273.3
285.7
283.2
284.2
264
271.7
257.4
256
273.9
278
283.1
274.6
262.9
281.3
272.5
282.2
278.9
264.9
270
280
285
279.2
243.8
283.7
268.5
281.2
273.9
279
271.3
279.5
274.4
289
268.3
301.3
282.1
293.1
272.7
257.5
273.8
265.3
288.7
265
295.5
286.4
282
295
275.7
258.7
274.5
257.7
264.8
289.2
284.4
277.1
275.4
276.5
269.7
274.5
275.6
279
275.5
282.3
279
282.9
269.9
281.7
284.6
236.5
267.2
265.5
259.3
271
271.5
287.7
310.3
260.9
292.5
285.3
261.8
267
277.4
247.2
271.9
274.8
274
281.2
278.1
273.6
263.8
269.2
271.4
258.9
290.8
288
275
296.3
294.2
257.8
276
285.4
272.2
266
291.2
279.5
289.4
274
271.8
273.4
248
281.1
292.8
271.7
286.1
291.4
282.4
274
296.2
260
275.6
277.6
286.6
287.3
278.2
268.6
284.2
290.6
278.4
273.6
261.9
258.4
282.3
265.9
260.3
260.7
261.7
252
286.3
252.9
268.6
268
279.7
274.6
263.4
288.3
289.6
262.8
272.6
284.2
275.9
254.1
281.4
270.1
275.4
269.9
258
286.2
288.1
282.9
297
281.2
274
280.5
277.2
272
281.3
266.4
274.7
285
277.9
280.7
269.8
286.8
275.9
246.3
281.1
278.1
288.1
275.9
289.5
272.4
261
277.9
280.3
278.9
298.2
295.3
272.1
297.1
295.7
292.8
274
296.3
271.3
278.7
261.6
276
276
273.9
283.1
278.7
296.2
297.5
287.3
292.4
263.7
299.1
285
283.2
293.2
277.8
271.4
286.4
298.1
289.2
288.4
286.3
273.3
295.7
284.1
285.7
272.3
283
272.4
273
266.7
274.7
266.9
279.7
265
302.3
273.8
266.2
275.5
268.6
283.5
266.5
274.9
289.3
281.9
293.6
270.1
296.6
276.6
296.4
284.8
280
267.3
278.6
284.5
296.8
267.5
266.7
275.4
268.9
294.9
263.5
283.6
252.9
282.6
265.9
280.6
291
277.9
291.9
276
264.7
279.8
280.4
276.3
278.3
279.6
299.4
282.3
283
301.1
283.1
270.7
281.9
285.9
270.3
264
286.8
310.8
310.2
286
286.1
263.9
273.3
282.4
286.6
269.2
294.3
284.3
299.6
299.4
292.6
289.5
288.2
291.1
267.4
285.9
273.1
271.4
291.5
265.1
280.1
277.7
288.2
291
293
268.5
273.9
264.5
277.6
281.3
276.2
281.7
266.3
289
294.3
270
279.9
273.7
272.7
268.7
283.8
273.9
273.9
277.2
295.8
276.7
292.7
289.7
289.4
295.7
310.3
297
310.9
285.3
284.4
276.2
280.5
281
280.2
276.4
288.8
270.5
298.4
301.7
293.4
274.8
278.8
277.1
263.9
282.7
287.1
266.7
276.3
273.1
275.8
276.2
291.5
288.6
283.9
261
275.5
279.1
278.6
269.9
267.7
266.4
252.7
293.7
261.5
270.9
287.1
285.7
277.3
274.5
240.2
271.8
281.5
268.4
272.1
278.9
275.4
271.5
261.9
286.9
281.2
273.5
274.3
279.8
248.1
260.8
282.9
278.6
274.2
229.4
285.7
253.1
276.6
280.2
263.7
270
266.2
268.2
274.2
283.3
274.9
281.6
272.9
261.1
283.1
273.8
279.8
285
279.7
268.1
262.5
274.9
254.9
287.6
284.5
251.2
275.6
290.3
277.4
265.8
278.7
284.5
278.7
271.5
278.5
287.6
291.1
259.6
282
276.2
278
285.8
268.7
269.8
268.3
281
266.7
283.5
271.5
283.3
278.4
262
283.7
275
271.1
277
264.5
288.6
291.5
287.7
303.6
275.4
276.5
277.2
272.7
271.5
260.5
275
265.5
276.9
271.9
276.5
270.7
269.1
270.6
282.2
275.8
296.1
282.7
295.6
287.6
281
286.1
293.9
281.4
286.1
297.4
297.3
264.5
284.4
289.4
286.4
259.5
299
264.1
280.1
274.7
279.7
279.9
278.1
264.8
281.8
286.1
286.7
277.3
281.2
293
292.8
281.7
288.3
289.9
280.5
281.2
287.2
277.2
280.6
267.1
295.5
286
279.1
283.7
274.6
291.9
275.2
281.4
268.2
262.4
275.4
262
267.4
281.3
289
264.1
264.1
267.5
286
258.4
274.3
251
267.2
282.4
285.8
259.8
259.8
260.7
261.5
283.5
276
272
266.1
275.2
292.7
285.5
294.1
273.8
263.1
270.2
276.1
286.8
297.3
258.7
271
291.3
277.2
287.3
255.6
287.1
284.2
287.8
269.4
277.4
302.1
295.8
289.9
277.2
285.1
265.8
264.1
270.7
243.4
264.4
256.2
260
260
266
292.7
274.3
302.6
281.1
282.1
286.9
276.4
277.4
249.1
270.6
287.7
271.8
271.2
277.1
253.5
256.8
255
264.9
276.9
277.9
281
291.5
277
293.8
264
260.9
295.1
264.9
272.7
282
284.9
286.1
276.9
275.5
276.9
297.8
285.8
269.7
261.6
281.7
284.8
269.5
274.6
266.9
276.3
259.5
285.9
270.3
287
305.5
262.7
275.1
294
253.3
284.2
276.7
264.2
274.9
300.4
291.4
264.4
294.8
263.4
272.5
268.3
273.2
294.2
275.1
276.8
285.2
291.6
280.7
296.7
283.5
260
277.1
271.1
288.2
274.1
265.8
286.4
280.4
292.6
286
277.2
283.7
260
267.1
287.8
283.8
276.5
266.1
290
271.6
266
282.3
269.2
274.2
267.1
279.8
269.8
287.6
268.1
269.8
266.5
285.3
288.7
265.7
253.8
256.4
264.9
270.2
276.6
278.7
278
269.5
290.2
284.5
281.5
286.6
244.5
281.3
263.1
264.3
245.5
264.2
278.6
277.3
264
259
268.1
274
290.8
283.8
278.6
277.3
278.9
274.3
298.8
292.3
278.3
277.3
248.8
176.8
189.1
152.6
166.5
227
178.6
164.6
187.8
165.5
170.5
170.3
187
172.4
164.2
140.0
182.7
154.9
147.3
162.4
165.6
142.5
136.6
152.5
181
158.6
157.3
147.6
128.4
155.6
128.6
147.2
176.5
143.6
153.3
122.9
180.2
264
289.7
284.9
310.5
292.5
293.4
274.1
276.9
282.6
301.7
290.3
270
291.4
285.5
276.7
275.9
275.8
274.8
274.9
286.4
278.7
254.6
251.6
262.9
291.2
267.3
265.7
260.7
258.8
261
269
281.4
292
287.1
296.5
277.9
289.2
280.4
276.7
265.8
268.1
266.4
264.7
270.4
271.9
285.5
263.6
291.2
306.1
292.9
296.1
253.8
289
280.3
274.6
282
288.8
268.5
251.2
274.6
278.2
269.2
288.6
252.8
251.6
267.2
283.4
254.9
261.3
285.2
286.1
280.6
289.6
271
284.4
276.8
260.1
298
266.8
279.7
278.7
264.5
288.9
274.8
278.4
290.6
280.2
271.2
278.1
256.4
270.8
263.1
254
268.5
281.3
284.7
277.1
252.7
272.8
270.4
279.8
279.8
256
268.2
257.4
274.4
263.8
283.9
282.4
267
281.4
282.5
273.3
287.5
273.2
284.9
271.7
285.8
284.6
285.7
276.8
276.5
259.1
295.4
261.7
266.1
280.8
269
285
302.9
264.8
275.7
288.8
279.3
287.5
270.2
274
277.9
256.9
300.1
283.7
262.3
271.7
259.6
262.8
273
284.7
295.9
287
276.5
274.9
278.8
293.1
283.4
292.2
278.6
275.5
281
296.6
298.9
269
287.4
258.9
314.5
273.1
256.2
278
276.1
270.9
273.4
282.8
286.8
280.5
283.2
256.9
268.7
278.2
261.8
272
266.3
273.4
274.2
265.8
251.5
262
296.8
267.5
270.4
266.7
297.6
264.5
286.5
274.1
262
255.6
286.5
265.9
272.8
284.1
280.8
273.7
287.7
247.9
254.1
271.1
271.8
259.6
255
283.5
282
252.9
279.2
272.4
268.1
269.9
278.7
259.7
273.1
268.6
262.9
249.5
280.8
276.9
273.2
282.9
263.1
284.7
260
272.7
265.7
269.6
256.7
268.8
280.3
263.4
248.8
258.5
264.5
256.8
267.6
288
283.6
264.9
283.6
292.3
255.8
271
296.3
261.4
295.2
250.5
273
283.2
294
279.2
283.9
259.8
274.5
261
260.2
290
268.9
277.5
282.7
259.9
285.4
283.2
275.8
279.7
280.1
276.9
283.1
270.9
269.5
286.9
269.3
273
276.5
277.7
264.5
269
298.2
270.5
273.7
278.3
281
273.4
273.2
265.4
276.2
283.3
271.2
273.1
270.8
274.3
263.7
253.1
260.5
240.8
259.9
275
278.1
262
267.8
273.4
277.6
273.2
264.3
280.5
279.1
292.8
263
271.7
294.8
278.4
297.4
282.6
262.4
270.8
266.1
259.5
283.2
294.3
272.9
262.1
266.3
267.4
253.8
277.6
275.3
272.8
266.7
277.4
274.4
264.7
271.5
287.2
277.4
287.5
262.9
279.1
288.6
263.7
301.5
287.3
273.6
278.1
273.3
273.8
265
267.1
274
286.6
265.6
284.8
269.2
256.9
277.7
252.2
269
271.3
264.7
277.8
259.7
263.9
297.9
280.2
275.5
270.8
276.1
271.1
270.2
270.1
281.8
273.1
285.6
259.2
283.9
273.7
291.6
288.8
278.1
275.5
283
280.6
267
274.1
264.5
291.6
282.5
269.9
265.4
281.4
277.7
260.9
263.1
258.1
253
270.8
281.8
277.8
293.8
275.1
267.3
271.9
256.8
270.4
272.5
269.3
257.4
272.2
269.8
273.8
272.6
262.1
265.6
256.1
262.3
260.6
256.5
281
266.2
269.9
274.5
266.1
270.6
263.2
284.8
284.1
281.2
261.6
273.9
270.6
292.2
254.3
283.9
279.3
263.2
286.5
289.9
291.7
274.9
276.2
258.8
270.2
280.4
274.3
290.5
293.9
274.6
296.7
282.8
279.2
277
289.6
272.5
283.1
281.4
264.2
285.9
265.4
271
256.5
263.9
252.6
273
283.1
291.8
302.8
263.2
269.9
282.5
275.9
273.9
271
271.4
283.3
277
264.6
279
283.7
286.1
268.3
285.1
278.5
275.8
288.3
276.3
273.4
280.6
294.1
274.6
284.3
274.3
288.4
282.5
272.7
273.8
268.3
272.8
274.2
269.1
276.9
279.7
273.1
280.3
275.5
292.2
268.7
284.9
290.9
281.8
276.9
284.9
274.6
280.9
255.5
276.9
277.8
280.8
270
272
277.9
266.8
274.3
266.7
276
265.3
270
264.5
270.8
269.1
269.8
253.6
253
272.3
277.8
281.9
284.7
262.1
277.7
270
266.6
254.8
280.7
277.2
294.6
280.1
274.7
265.7
281.3
282.5
263.5
286.1
276.2
260.4
289.4
273.8
278.7
290.6
281.9
273.3
279.4
282.1
270.8
266
279.9
277.2
281.4
256.2
256.2
276.5
278.1
270.2
277.5
283
259.8
264.2
258
272.2
271.4
276.4
259.2
264.8
280.5
277.7
279.5
274.2
258.2
278.7
272.6
285.2
287.3
268.1
294.5
279.8
283.4
267.4
276.7
287.9
268.2
272.3
260.1
276.8
274.5
280.4
268
282.7
289.1
280.2
260.8
281.4
279.7
293.4
282
274.1
263.2
285.6
283.1
288.5
263.2
292.9
280.6
299.3
292.6
292.6
281.3
269.4
281.6
281.4
263.5
284.6
291.5
278.7
290.2
267.9
273
274.4
261.2
291.4
232
292.7
266.6
277.2
272.1
280
271.4
293.7
278.4
251.5
260.6
256
261.7
274.8
266.4
279.2
267.3
263.7
266.6
268.6
284
268.7
286.2
254.1
278.5
262
289.2
277.3
267.1
275.1
262
292.3
272.7
267.2
258
269.8
259.1
288.4
277.3
259.9
265.6
264
296.2
271.7
246.7
260.6
260.5
282.9
246.6
264.1
268.8
281.2
271.8
262.9
282
281
272.6
250.9
253.1
273
264.3
286.2
253.5
284
284.7
283.5
272.7
260.9
288.3
269.2
263.6
268.6
279.6
283.5
278.7
288.7
273.3
289.2
268.2
287.8
273.4
267.1
281.9
276.4
279.6
266.5
289.2
265
296.8
287.3
263.2
291.7
250.9
279.3
279.4
268.7
278.8
259.5
244
270.8
276.6
272.5
292.7
256.7
268.9
281.8
303.1
288.1
263
256.1
260.9
272.1
286.1
276.7
292.5
287.9
295.6
282.3
280.2
272.2
293.8
280.2
289.2
279.2
268.2
276.9
284.1
269.2
299.6
274.6
268
265.7
275.3
291.3
285.6
292.9
278
273.7
289.4
278.9
257
280
276.2
279.3
269.7
269.4
279.6
297.2
279.8
287.1
301.2
284.3
267.3
270.4
261.2
276.4
291.9
289.8
277.9
269.5
275.2
273.9
285.5
273.7
280.1
284.8
296.4
262.2
269.7
292.6
292.6
276
254
272.6
273.2
277.7
260
266.7
270.2
258.4
282.3
278
264.6
248.8
273.6
260.8
271.1
281.2
291.1
278.1
291.5
284.5
289.7
255
260.9
264
275.1
278.9
276
273.4
286.6
273.2
276.7
268.6
277.2
271
298.4
289
290.2
248.4
283.3
268.5
254.5
270.1
275.4
273.7
269.4
284.2
274.9
275.3
275.9
283.2
281.6
267.8
275.8
284.3
284.8
256
260.3
284.1
266.5
262.2
261.3
265.1
267.4
286
267.2
274.9
268.2
273
281.6
283
271.1
247.9
276.5
257.9
278.8
284.6
272.6
276.7
269.1
262.8
253.6
271.4
298.1
295.3
271.3
281.4
259.4
290.7
276.2
295.2
274.8
279.2
262.2
273.6
268.4
257.9
272.9
288.9
270.3
296
299.8
286.4
276
288.4
266.5
294.6
268.3
254.7
276.5
259.2
276.5
273.9
312.9
279.6
265
296.9
297.8
272
264.6
269.3
278.2
273.3
273.1
279
265.5
276.1
272.7
284.6
316.8
283.9
290.6
266.2
284.9
286.2
278.1
266
284
258
254.9
286.2
264.5
286.3
275
282
274.1
256
278.9
277.6
272.6
269.8
258.9
276
273.5
276.4
258.2
260.6
290.3
281.1
251.7
292.7
277.2
287.6
280.6
270.2
276.1
287.3
296.9
279.7
277.2
262.9
269.3
279.4
289.4
265.6
275.9
294.9
261.4
272.7
284.6
250.3
253.3
287.3
270.8
270.4
274.2
280
256.9
271.3
256.7
291.7
261.1
263
274.9
279.8
261.8
290.4
283.6
274.6
268.9
288.8
303.1
278.5
283
268.4
266.3
278.9
269
287.1
270.1
277.7
246.9
271
281.5
284.9
288.7
283.7
251.2
271.7
283.6
263.3
260.3
270.9
244
251
268.1
242
256.9
258
246.4
262.6
250.1
236.3
261.7
261.9
275.4
255.2
248.3
249.5
277.5
273.8
259
268.6
264.9
266
266.5
278.7
277.5
279.4
279.1
270.3
265.2
267.1
257.5
255.5
249.7
264
272.7
278.8
259
251.3
286.8
287.2
266.3
251.7
263.1
270.8
277.2
267.9
268.5
255.8
270.7
270.3
269.1
288.1
239.7
276.7
253.5
278.7
265.7
264.9
281
256.4
276.7
280.4
283.8
278.1
265.6
298.9
291.6
278.6
286.9
268.1
254.4
269.7
269.4
276
268.9
286.3
254.2
273.3
303.9
255.4
289.2
272.1
282.7
288.1
270.9
282.9
273.3
277.2
296.5
285.6
276.5
291.5
296.3
291.4
285.1
281.4
277.6
279
288
287.9
313.7
265.9
272.3
293.7
272.1
292.6
292.5
279.3
247.8
295.2
275.2
269.3
272.2
279.5
291.7
295.3
290.2
295.9
282.8
287.4
288.1
264.5
283.5
275.5
267.9
257.6
284.9
253.6
257.6
246.6
264.7
265.9
279.1
272.9
266.2
297.2
280.7
248.2
275.3
269.7
281.2
280.8
272.3
278.9
283.8
279.6
281.9
287.9
263.1
275.2
277.2
287.8
271.2
280.4
286.5
277.3
272.1
275.1
301.1
263.1
267.3
278.3
284.8
280.1
297.2
282.3
263.5
270.1
274.8
276.8
262.2
274.9
255
294.8
280.1
285.9
290.6
264.8
296.7
299.4
263
304.9
284.4
282.3
267.1
270.1
257.7
277.5
264.5
277.2
287.7
252.4
283.9
270.7
278.5
273.9
276.1
289.9
295
266.7
278.7
278.2
292.1
308.3
279.1
288.5
297.1
288
262.3
272
287.4
273.4
268.9
281.5
282.7
286.2
278
281.3
276.4
286.1
279.9
292.1
286.4
280.2
272.6
277.6
291.4
276.1
276.1
285.8
271.2
276.4
274
291.9
267.9
243.6
257.1
284.8
242.8
260.7
258.2
271.3
