frame    mol0
    0   1.641
    1   1.639
    2   1.614
    3   1.624
    4   1.574
    5   1.632
    6   1.661
    7   1.603
    8   1.674
    9   1.702
   10   1.700
   11   1.608
   12   1.672
   13   1.736
   14   1.753
   15   1.661
   16   1.715
   17   1.749
   18   1.695
   19   1.700
   20   1.767
   21   1.667
   22   1.662
   23   1.633
   24   1.597
   25   1.637
   26   1.645
   27   1.597
   28   1.638
   29   1.613
   30   1.626
   31   1.647
   32   1.705
   33   1.715
   34   1.698
   35   1.638
   36   1.725
   37   1.695
   38   1.656
   39   1.728
   40   1.674
   41   1.692
   42   1.616
   43   1.613
   44   1.556
   45   1.565
   46   1.522
   47   1.535
   48   1.629
   49   1.620
   50   1.606
   51   1.541
   52   1.682
   53   1.666
   54   1.656
   55   1.559
   56   1.628
   57   1.645
   58   1.622
   59   1.549
   60   1.571
   61   1.540
   62   1.560
   63   1.574
   64   1.646
   65   1.580
   66   1.608
   67   1.630
   68   1.553
   69   1.635
   70   1.537
   71   1.582
   72   1.589
   73   1.605
   74   1.653
   75   1.679
   76   1.676
   77   1.559
   78   1.589
   79   1.669
   80   1.656
   81   1.623
   82   1.605
   83   1.717
   84   1.645
   85   1.602
   86   1.602
   87   1.589
   88   1.566
   89   1.606
   90   1.588
   91   1.567
   92   1.539
   93   1.593
   94   1.601
   95   1.601
   96   1.634
   97   1.633
   98   1.675
   99   1.697
  100   1.681
  101   1.661
  102   1.662
  103   1.718
  104   1.673
  105   1.734
  106   1.691
  107   1.725
  108   1.683
  109   1.749
  110   1.724
  111   1.651
  112   1.727
  113   1.704
  114   1.748
  115   1.821
  116   1.776
  117   1.737
  118   1.745
  119   1.760
  120   1.708
  121   1.727
  122   1.697
  123   1.663
  124   1.629
  125   1.691
  126   1.672
  127   1.725
  128   1.672
  129   1.717
  130   1.819
  131   1.806
  132   1.752
  133   1.715
  134   1.717
  135   1.691
  136   1.696
  137   1.671
  138   1.697
  139   1.706
  140   1.756
  141   1.724
  142   1.689
  143   1.703
  144   1.771
  145   1.788
  146   1.754
  147   1.796
  148   1.808
  149   1.771
  150   1.683
  151   1.665
  152   1.690
  153   1.686
  154   1.739
  155   1.778
  156   1.742
  157   1.736
  158   1.792
  159   1.756
  160   1.697
  161   1.745
  162   1.712
  163   1.700
  164   1.718
  165   1.713
  166   1.648
  167   1.665
  168   1.685
  169   1.691
  170   1.675
  171   1.656
  172   1.755
  173   1.682
  174   1.708
  175   1.687
  176   1.648
  177   1.639
  178   1.614
  179   1.557
  180   1.590
  181   1.644
  182   1.657
  183   1.652
  184   1.615
  185   1.547
  186   1.485
  187   1.545
  188   1.537
  189   1.624
  190   1.595
  191   1.611
  192   1.519
  193   1.563
  194   1.615
  195   1.636
  196   1.639
  197   1.671
  198   1.571
  199   1.612
  200   1.716
  201   1.690
  202   1.661
  203   1.688
  204   1.677
  205   1.693
  206   1.678
  207   1.632
  208   1.570
  209   1.577
  210   1.538
  211   1.532
  212   1.605
  213   1.563
  214   1.524
  215   1.528
  216   1.554
  217   1.472
  218   1.554
  219   1.683
  220   1.667
  221   1.654
  222   1.681
  223   1.716
  224   1.735
  225   1.650
  226   1.664
  227   1.606
  228   1.634
  229   1.653
  230   1.655
  231   1.691
  232   1.607
  233   1.639
  234   1.564
  235   1.608
  236   1.627
  237   1.556
  238   1.581
  239   1.582
  240   1.508
  241   1.558
  242   1.527
  243   1.561
  244   1.490
  245   1.572
  246   1.611
  247   1.651
  248   1.556
  249   1.515
  250   1.669
  251   1.609
  252   1.615
  253   1.637
  254   1.583
  255   1.606
  256   1.590
  257   1.531
  258   1.585
  259   1.551
  260   1.596
  261   1.602
  262   1.588
  263   1.625
  264   1.581
  265   1.596
  266   1.561
  267   1.632
  268   1.619
  269   1.547
  270   1.655
  271   1.596
  272   1.603
  273   1.604
  274   1.607
  275   1.534
  276   1.519
  277   1.561
  278   1.545
  279   1.561
  280   1.515
  281   1.565
  282   1.552
  283   1.526
  284   1.657
  285   1.659
  286   1.735
  287   1.691
  288   1.669
  289   1.634
  290   1.593
  291   1.776
  292   1.720
  293   1.624
  294   1.674
  295   1.696
  296   1.711
  297   1.673
  298   1.656
  299   1.672
  300   1.670
  301   1.678
  302   1.571
  303   1.573
  304   1.635
  305   1.664
  306   1.630
  307   1.680
  308   1.711
  309   1.664
  310   1.655
  311   1.741
  312   1.717
  313   1.661
  314   1.652
  315   1.642
  316   1.645
  317   1.628
  318   1.592
  319   1.580
  320   1.653
  321   1.653
  322   1.698
  323   1.787
  324   1.781
  325   1.687
  326   1.671
  327   1.686
  328   1.790
  329   1.771
  330   1.749
  331   1.680
  332   1.772
  333   1.739
  334   1.753
  335   1.748
  336   1.766
  337   1.721
  338   1.710
  339   1.680
  340   1.628
  341   1.683
  342   1.750
  343   1.614
  344   1.668
  345   1.621
  346   1.623
  347   1.635
  348   1.698
  349   1.709
  350   1.690
  351   1.701
  352   1.616
  353   1.624
  354   1.547
  355   1.545
  356   1.641
  357   1.662
  358   1.617
  359   1.616
  360   1.561
  361   1.559
  362   1.648
  363   1.574
  364   1.606
  365   1.612
  366   1.687
  367   1.694
  368   1.667
  369   1.642
  370   1.724
  371   1.671
  372   1.665
  373   1.697
  374   1.727
  375   1.735
  376   1.720
  377   1.627
  378   1.628
  379   1.717
  380   1.612
  381   1.608
  382   1.647
  383   1.568
  384   1.595
  385   1.660
  386   1.643
  387   1.624
  388   1.622
  389   1.646
  390   1.618
  391   1.642
  392   1.644
  393   1.591
  394   1.596
  395   1.643
  396   1.628
  397   1.654
  398   1.697
  399   1.697
  400   1.662
  401   1.632
  402   1.659
  403   1.643
  404   1.641
  405   1.656
  406   1.645
  407   1.674
  408   1.687
  409   1.668
  410   1.737
  411   1.693
  412   1.722
  413   1.714
  414   1.661
  415   1.666
  416   1.713
  417   1.651
  418   1.593
  419   1.632
  420   1.616
  421   1.681
  422   1.711
  423   1.721
  424   1.675
  425   1.574
  426   1.669
  427   1.734
  428   1.644
  429   1.684
  430   1.621
  431   1.662
  432   1.654
  433   1.664
  434   1.654
  435   1.715
  436   1.644
  437   1.670
  438   1.615
  439   1.594
  440   1.617
  441   1.632
  442   1.612
  443   1.640
  444   1.717
  445   1.669
  446   1.642
  447   1.607
  448   1.585
  449   1.621
  450   1.626
  451   1.638
  452   1.671
  453   1.617
  454   1.686
  455   1.695
  456   1.782
  457   1.760
  458   1.715
  459   1.651
  460   1.651
  461   1.647
  462   1.573
  463   1.646
  464   1.608
  465   1.645
  466   1.584
  467   1.545
  468   1.571
  469   1.565
  470   1.667
  471   1.633
  472   1.653
  473   1.673
  474   1.648
  475   1.664
  476   1.672
  477   1.716
  478   1.696
  479   1.735
  480   1.637
  481   1.663
  482   1.665
  483   1.564
  484   1.586
  485   1.652
  486   1.642
  487   1.595
  488   1.539
  489   1.597
  490   1.605
  491   1.675
  492   1.639
  493   1.689
  494   1.659
  495   1.676
  496   1.725
  497   1.718
  498   1.745
  499   1.718
  500   1.653
  501   1.705
  502   1.663
  503   1.625
  504   1.592
  505   1.689
  506   1.643
  507   1.665
  508   1.739
  509   1.694
  510   1.706
  511   1.707
  512   1.699
  513   1.773
  514   1.758
  515   1.763
  516   1.748
  517   1.740
  518   1.767
  519   1.781
  520   1.774
  521   1.806
  522   1.745
  523   1.738
  524   1.667
  525   1.676
  526   1.668
  527   1.615
  528   1.776
  529   1.689
  530   1.717
  531   1.691
  532   1.562
  533   1.650
  534   1.607
  535   1.584
  536   1.661
  537   1.679
  538   1.635
  539   1.637
  540   1.639
  541   1.722
  542   1.756
  543   1.781
  544   1.718
  545   1.671
  546   1.669
  547   1.686
  548   1.732
  549   1.729
  550   1.736
  551   1.774
  552   1.773
  553   1.757
  554   1.787
  555   1.728
  556   1.805
  557   1.739
  558   1.691
  559   1.691
  560   1.709
  561   1.761
  562   1.710
  563   1.691
  564   1.728
  565   1.722
  566   1.726
  567   1.637
  568   1.744
  569   1.668
  570   1.720
  571   1.703
  572   1.620
  573   1.632
  574   1.640
  575   1.644
  576   1.653
  577   1.718
  578   1.628
  579   1.678
  580   1.689
  581   1.642
  582   1.668
  583   1.654
  584   1.693
  585   1.706
  586   1.762
  587   1.746
  588   1.723
  589   1.770
  590   1.731
  591   1.698
  592   1.769
  593   1.705
  594   1.754
  595   1.743
  596   1.735
  597   1.744
  598   1.704
  599   1.714
  600   1.765
  601   1.744
  602   1.773
  603   1.755
  604   1.742
  605   1.797
  606   1.746
  607   1.725
  608   1.793
  609   1.771
  610   1.720
  611   1.711
  612   1.747
  613   1.801
  614   1.806
  615   1.771
  616   1.757
  617   1.716
  618   1.724
  619   1.661
  620   1.674
  621   1.676
  622   1.625
  623   1.688
  624   1.748
  625   1.713
  626   1.733
  627   1.768
  628   1.726
  629   1.786
  630   1.794
  631   1.781
  632   1.753
  633   1.692
  634   1.713
  635   1.698
  636   1.677
  637   1.702
  638   1.663
  639   1.668
  640   1.705
  641   1.695
  642   1.743
  643   1.736
  644   1.761
  645   1.665
  646   1.702
  647   1.642
  648   1.774
  649   1.717
  650   1.680
  651   1.759
  652   1.830
  653   1.795
  654   1.888
  655   1.876
  656   1.927
  657   1.777
  658   1.767
  659   1.866
  660   1.794
  661   1.729
  662   1.732
  663   1.717
  664   1.769
  665   1.738
  666   1.716
  667   1.730
  668   1.729
  669   1.749
  670   1.625
  671   1.658
  672   1.722
  673   1.649
  674   1.683
  675   1.636
  676   1.605
  677   1.666
  678   1.657
  679   1.691
  680   1.647
  681   1.697
  682   1.709
  683   1.650
  684   1.693
  685   1.736
  686   1.774
  687   1.678
  688   1.727
  689   1.744
  690   1.711
  691   1.744
  692   1.724
  693   1.702
  694   1.741
  695   1.739
  696   1.656
  697   1.734
  698   1.659
  699   1.645
  700   1.654
  701   1.654
  702   1.703
  703   1.753
  704   1.719
  705   1.692
  706   1.682
  707   1.690
  708   1.623
  709   1.679
  710   1.701
  711   1.659
  712   1.659
  713   1.706
  714   1.766
  715   1.677
  716   1.632
  717   1.720
  718   1.666
  719   1.701
  720   1.722
  721   1.709
  722   1.730
  723   1.712
  724   1.706
  725   1.675
  726   1.660
  727   1.698
  728   1.761
  729   1.706
  730   1.717
  731   1.749
  732   1.729
  733   1.717
  734   1.716
  735   1.733
  736   1.808
  737   1.760
  738   1.729
  739   1.746
  740   1.750
  741   1.752
  742   1.755
  743   1.759
  744   1.782
  745   1.781
  746   1.707
  747   1.706
  748   1.681
  749   1.691
  750   1.733
  751   1.725
  752   1.700
  753   1.703
  754   1.657
  755   1.741
  756   1.709
  757   1.651
  758   1.602
  759   1.619
  760   1.662
  761   1.604
  762   1.610
  763   1.707
  764   1.628
  765   1.681
  766   1.642
  767   1.678
  768   1.704
  769   1.706
  770   1.755
  771   1.735
  772   1.773
  773   1.772
  774   1.780
  775   1.838
  776   1.712
  777   1.611
  778   1.694
  779   1.730
  780   1.751
  781   1.723
  782   1.720
  783   1.731
  784   1.767
  785   1.750
  786   1.743
  787   1.821
  788   1.861
  789   1.836
  790   1.885
  791   1.893
  792   1.860
  793   1.878
  794   1.864
  795   1.899
  796   1.931
  797   1.877
  798   1.918
  799   1.930
  800   1.952
  801   1.779
  802   1.897
  803   1.915
  804   1.932
  805   1.901
  806   1.907
  807   1.956
  808   1.969
  809   2.023
  810   2.008
  811   2.063
  812   2.096
  813   2.105
  814   2.106
  815   2.005
  816   2.080
  817   2.061
  818   2.055
  819   2.089
  820   1.979
  821   1.944
  822   1.930
  823   2.048
  824   2.081
  825   2.031
  826   2.114
  827   2.089
  828   2.044
  829   2.097
  830   2.100
  831   2.061
  832   2.045
  833   1.948
  834   2.097
  835   2.102
  836   2.067
  837   2.090
  838   2.095
  839   2.131
  840   2.007
  841   1.935
  842   1.976
  843   1.947
  844   1.924
  845   2.053
  846   1.915
  847   1.977
  848   1.999
  849   1.974
  850   2.025
  851   2.073
  852   2.008
  853   2.116
  854   2.051
  855   2.070
  856   2.153
  857   2.162
  858   2.167
  859   2.228
  860   2.082
  861   2.159
  862   2.045
  863   2.177
  864   2.129
  865   2.097
  866   2.145
  867   2.163
  868   2.101
  869   2.055
  870   1.993
  871   2.036
  872   1.980
  873   2.054
  874   2.082
  875   2.017
  876   2.006
  877   1.936
  878   1.926
  879   2.007
  880   1.977
  881   1.993
  882   1.959
  883   1.893
  884   1.901
  885   1.897
  886   1.862
  887   1.906
  888   1.904
  889   1.867
  890   1.863
  891   1.888
  892   1.866
  893   1.867
  894   1.855
  895   1.931
  896   1.923
  897   1.928
  898   1.915
  899   1.905
  900   1.839
  901   1.845
  902   1.767
  903   1.830
  904   1.853
  905   1.900
  906   1.911
  907   1.888
  908   1.835
  909   1.875
  910   1.879
  911   1.964
  912   1.952
  913   1.965
  914   1.892
  915   1.945
  916   1.922
  917   1.886
  918   1.964
  919   1.949
  920   2.052
  921   1.898
  922   1.978
  923   1.928
  924   1.971
  925   1.963
  926   2.070
  927   2.019
  928   2.009
  929   2.111
  930   1.961
  931   2.067
  932   1.994
  933   1.977
  934   2.006
  935   1.972
  936   2.070
  937   2.009
  938   2.041
  939   2.005
  940   2.015
  941   2.017
  942   2.041
  943   2.024
  944   2.006
  945   1.993
  946   2.023
  947   1.984
  948   1.976
  949   1.911
  950   1.862
  951   1.934
  952   1.881
  953   1.915
  954   1.938
  955   1.968
  956   2.035
  957   2.046
  958   2.069
  959   2.097
  960   2.139
  961   2.097
  962   2.017
  963   1.962
  964   1.987
  965   2.002
  966   2.066
  967   2.044
  968   1.963
  969   1.982
  970   1.930
  971   1.915
  972   1.926
  973   1.909
  974   1.905
  975   1.942
  976   1.892
  977   1.870
  978   1.953
  979   2.016
  980   2.058
  981   2.078
  982   2.019
  983   2.002
  984   1.994
  985   2.010
  986   1.990
  987   1.974
  988   1.999
  989   1.921
  990   1.956
  991   1.897
  992   1.958
  993   1.922
  994   1.978
  995   1.967
  996   1.945
  997   1.951
  998   1.972
  999   1.995
 1000   1.975
 1001   1.998
 1002   1.945
 1003   1.956
 1004   1.986
 1005   1.986
 1006   2.014
 1007   1.969
 1008   1.994
 1009   2.004
 1010   1.894
 1011   2.039
 1012   1.994
 1013   2.057
 1014   2.073
 1015   2.028
 1016   2.020
 1017   2.024
 1018   2.061
 1019   2.024
 1020   1.977
 1021   1.981
 1022   1.944
 1023   2.004
 1024   1.981
 1025   1.991
 1026   2.030
 1027   1.994
 1028   1.938
 1029   1.986
 1030   1.938
 1031   1.939
 1032   2.060
 1033   2.054
 1034   2.056
 1035   2.045
 1036   2.038
 1037   2.115
 1038   2.039
 1039   2.062
 1040   1.994
 1041   2.019
 1042   2.024
 1043   1.986
 1044   2.028
 1045   2.059
 1046   2.018
 1047   2.091
 1048   2.093
 1049   2.084
 1050   2.061
 1051   2.077
 1052   2.080
 1053   2.027
 1054   1.975
 1055   2.033
 1056   2.057
 1057   2.108
 1058   2.111
 1059   2.014
 1060   2.035
 1061   1.992
 1062   2.068
 1063   2.008
 1064   2.035
 1065   2.027
 1066   1.926
 1067   1.978
 1068   2.012
 1069   2.036
 1070   2.027
 1071   1.966
 1072   2.043
 1073   2.019
 1074   2.060
 1075   2.128
 1076   2.125
 1077   2.121
 1078   2.123
 1079   2.163
 1080   2.174
 1081   2.148
 1082   2.197
 1083   2.209
 1084   2.257
 1085   2.234
 1086   2.154
 1087   2.129
 1088   2.085
 1089   2.133
 1090   2.126
 1091   2.087
 1092   2.082
 1093   2.132
 1094   2.207
 1095   2.185
 1096   2.200
 1097   2.195
 1098   2.147
 1099   2.105
 1100   2.178
 1101   2.127
 1102   2.146
 1103   2.024
 1104   2.201
 1105   2.154
 1106   2.113
 1107   2.132
 1108   2.204
 1109   2.087
 1110   2.086
 1111   2.087
 1112   2.032
 1113   2.053
 1114   2.040
 1115   2.087
 1116   2.047
 1117   2.109
 1118   2.025
 1119   2.050
 1120   2.049
 1121   2.092
 1122   2.082
 1123   2.005
 1124   2.088
 1125   2.062
 1126   2.115
 1127   2.120
 1128   2.130
 1129   2.066
 1130   2.050
 1131   2.046
 1132   1.961
 1133   2.018
 1134   2.090
 1135   2.191
 1136   2.206
 1137   2.197
 1138   2.267
 1139   2.206
 1140   2.188
 1141   2.182
 1142   2.337
 1143   2.194
 1144   2.297
 1145   2.219
 1146   2.219
 1147   2.258
 1148   2.138
 1149   2.142
 1150   2.188
 1151   2.214
 1152   2.181
 1153   2.183
 1154   2.147
 1155   2.174
 1156   2.131
 1157   2.186
 1158   2.251
 1159   2.277
 1160   2.258
 1161   2.260
 1162   2.216
 1163   2.212
 1164   2.213
 1165   2.185
 1166   2.226
 1167   2.299
 1168   2.322
 1169   2.323
 1170   2.362
 1171   2.268
 1172   2.287
 1173   2.416
 1174   2.350
 1175   2.265
 1176   2.346
 1177   2.351
 1178   2.273
 1179   2.318
 1180   2.289
 1181   2.325
 1182   2.281
 1183   2.260
 1184   2.305
 1185   2.269
 1186   2.248
 1187   2.383
 1188   2.371
 1189   2.322
 1190   2.297
 1191   2.388
 1192   2.470
 1193   2.459
 1194   2.431
 1195   2.423
 1196   2.407
 1197   2.414
 1198   2.433
 1199   2.438
 1200   2.372
 1201   2.367
 1202   2.303
 1203   2.375
 1204   2.270
 1205   2.243
 1206   2.223
 1207   2.161
 1208   2.133
 1209   2.108
 1210   2.157
 1211   2.058
 1212   2.133
 1213   2.112
 1214   2.021
 1215   2.040
 1216   2.079
 1217   2.151
 1218   2.107
 1219   2.132
 1220   2.143
 1221   2.101
 1222   2.146
 1223   2.125
 1224   2.062
 1225   2.060
 1226   2.046
 1227   2.019
 1228   2.024
 1229   2.048
 1230   2.092
 1231   2.058
 1232   2.160
 1233   2.159
 1234   2.208
 1235   2.181
 1236   2.116
 1237   2.104
 1238   2.002
 1239   1.959
 1240   2.071
 1241   2.061
 1242   2.062
 1243   1.998
 1244   2.005
 1245   1.969
 1246   2.045
 1247   1.991
 1248   1.984
 1249   2.059
 1250   2.031
 1251   2.027
 1252   1.923
 1253   2.082
 1254   2.093
 1255   2.080
 1256   2.012
 1257   2.164
 1258   2.183
 1259   2.163
 1260   2.142
 1261   2.150
 1262   2.141
 1263   2.099
 1264   2.061
 1265   2.172
 1266   2.111
 1267   2.099
 1268   2.141
 1269   2.112
 1270   2.159
 1271   2.103
 1272   2.121
 1273   2.036
 1274   2.065
 1275   1.977
 1276   2.058
 1277   2.025
 1278   2.093
 1279   2.078
 1280   2.084
 1281   2.099
 1282   2.033
 1283   2.040
 1284   1.982
 1285   2.014
 1286   1.998
 1287   2.004
 1288   2.063
 1289   2.020
 1290   2.019
 1291   2.018
 1292   2.027
 1293   2.013
 1294   1.893
 1295   1.899
 1296   1.855
 1297   1.871
 1298   1.894
 1299   1.883
 1300   1.752
 1301   1.851
 1302   1.832
 1303   1.846
 1304   1.951
 1305   1.941
 1306   1.903
 1307   1.913
 1308   1.994
 1309   1.978
 1310   1.992
 1311   1.865
 1312   1.931
 1313   1.897
 1314   1.862
 1315   1.809
 1316   1.820
 1317   1.907
 1318   1.877
 1319   1.862
 1320   1.866
 1321   1.894
 1322   1.881
 1323   1.844
 1324   1.940
 1325   1.946
 1326   1.926
 1327   1.972
 1328   1.982
 1329   1.895
 1330   1.934
 1331   1.985
 1332   1.912
 1333   1.891
 1334   1.910
 1335   1.867
 1336   1.834
 1337   1.872
 1338   1.886
 1339   1.933
 1340   1.920
 1341   1.900
 1342   1.969
 1343   1.939
 1344   1.899
 1345   1.937
 1346   1.864
 1347   1.938
 1348   1.916
 1349   1.935
 1350   1.843
 1351   1.916
 1352   1.899
 1353   1.910
 1354   1.955
 1355   1.952
 1356   1.870
 1357   1.994
 1358   1.963
 1359   2.041
 1360   2.085
 1361   2.037
 1362   2.054
 1363   2.021
 1364   2.043
 1365   2.047
 1366   2.028
 1367   2.019
 1368   2.017
 1369   2.097
 1370   2.137
 1371   2.041
 1372   2.135
 1373   2.088
 1374   2.093
 1375   2.083
 1376   2.119
 1377   2.104
 1378   2.081
 1379   2.130
 1380   2.074
 1381   2.028
 1382   2.069
 1383   2.033
 1384   2.078
 1385   2.018
 1386   2.002
 1387   2.000
 1388   1.982
 1389   1.981
 1390   2.010
 1391   1.951
 1392   1.848
 1393   1.850
 1394   1.865
 1395   1.842
 1396   1.957
 1397   1.951
 1398   1.919
 1399   1.942
 1400   1.996
 1401   2.047
 1402   1.922
 1403   2.027
 1404   1.925
 1405   1.914
 1406   1.942
 1407   1.899
 1408   1.952
 1409   1.857
 1410   1.903
 1411   1.826
 1412   1.825
 1413   1.845
 1414   1.871
 1415   1.846
 1416   1.925
 1417   1.878
 1418   1.884
 1419   1.878
 1420   1.854
 1421   1.810
 1422   1.822
 1423   1.851
 1424   1.797
 1425   1.759
 1426   1.848
 1427   1.843
 1428   1.888
 1429   1.808
 1430   1.876
 1431   1.822
 1432   1.799
 1433   1.795
 1434   1.816
 1435   1.828
 1436   1.868
 1437   1.873
 1438   1.778
 1439   1.772
 1440   1.780
 1441   1.782
 1442   1.772
 1443   1.799
 1444   1.780
 1445   1.745
 1446   1.795
 1447   1.734
 1448   1.743
 1449   1.753
 1450   1.777
 1451   1.848
 1452   1.828
 1453   1.820
 1454   1.804
 1455   1.865
 1456   1.806
 1457   1.840
 1458   1.834
 1459   1.783
 1460   1.786
 1461   1.818
 1462   1.815
 1463   1.835
 1464   1.772
 1465   1.757
 1466   1.834
 1467   1.868
 1468   1.885
 1469   1.830
 1470   1.861
 1471   1.886
 1472   1.879
 1473   1.815
 1474   1.858
 1475   1.880
 1476   1.877
 1477   1.820
 1478   1.874
 1479   1.888
 1480   1.916
 1481   1.971
 1482   1.906
 1483   1.906
 1484   1.981
 1485   1.991
 1486   1.919
 1487   1.938
 1488   2.009
 1489   1.972
 1490   1.984
 1491   1.965
 1492   1.958
 1493   1.920
 1494   1.889
 1495   1.936
 1496   1.991
 1497   1.958
 1498   1.929
 1499   1.945
 1500   1.869
 1501   1.898
 1502   1.874
 1503   1.840
 1504   1.819
 1505   1.821
 1506   1.888
 1507   1.832
 1508   1.900
 1509   1.879
 1510   1.955
 1511   1.971
 1512   1.991
 1513   1.963
 1514   1.927
 1515   2.035
 1516   2.053
 1517   2.062
 1518   2.004
 1519   2.001
 1520   2.013
 1521   2.006
 1522   1.988
 1523   1.991
 1524   1.964
 1525   1.891
 1526   1.955
 1527   1.968
 1528   2.015
 1529   1.982
 1530   2.042
 1531   2.019
 1532   2.054
 1533   1.988
 1534   1.977
 1535   1.995
 1536   2.049
 1537   1.995
 1538   2.055
 1539   2.079
 1540   1.996
 1541   1.967
 1542   2.013
 1543   1.984
 1544   2.027
 1545   2.050
 1546   2.037
 1547   2.151
 1548   2.040
 1549   2.102
 1550   2.126
 1551   2.103
 1552   2.106
 1553   2.106
 1554   2.074
 1555   2.126
 1556   2.188
 1557   2.176
 1558   2.218
 1559   2.236
 1560   2.163
 1561   2.087
 1562   2.176
 1563   2.114
 1564   2.119
 1565   2.174
 1566   2.124
 1567   2.003
 1568   2.126
 1569   2.056
 1570   1.998
 1571   2.063
 1572   2.166
 1573   2.197
 1574   2.084
 1575   2.122
 1576   2.153
 1577   2.208
 1578   2.154
 1579   2.206
 1580   2.147
 1581   2.136
 1582   2.038
 1583   2.070
 1584   2.095
 1585   2.062
 1586   2.074
 1587   2.104
 1588   2.076
 1589   2.116
 1590   2.130
 1591   2.107
 1592   2.123
 1593   2.059
 1594   2.019
 1595   2.039
 1596   2.068
 1597   2.131
 1598   2.000
 1599   2.071
 1600   2.029
 1601   2.103
 1602   1.975
 1603   2.015
 1604   2.070
 1605   2.029
 1606   2.109
 1607   2.074
 1608   2.064
 1609   2.117
 1610   2.077
 1611   2.051
 1612   2.083
 1613   2.016
 1614   1.995
 1615   1.984
 1616   2.018
 1617   2.020
 1618   2.035
 1619   2.037
 1620   2.169
 1621   2.182
 1622   2.189
 1623   2.147
 1624   2.137
 1625   2.164
 1626   2.136
 1627   2.085
 1628   2.090
 1629   2.055
 1630   2.041
 1631   2.047
 1632   1.980
 1633   2.069
 1634   2.086
 1635   2.088
 1636   2.008
 1637   2.036
 1638   2.002
 1639   1.979
 1640   1.950
 1641   1.951
 1642   2.000
 1643   2.061
 1644   2.023
 1645   1.954
 1646   2.013
 1647   2.027
 1648   1.963
 1649   1.989
 1650   2.001
 1651   1.959
 1652   2.025
 1653   2.068
 1654   2.053
 1655   2.069
 1656   2.036
 1657   2.101
 1658   2.089
 1659   2.031
 1660   2.080
 1661   2.060
 1662   2.069
 1663   2.057
 1664   2.016
 1665   2.058
 1666   2.021
 1667   1.967
 1668   1.923
 1669   2.057
 1670   2.014
 1671   2.005
 1672   2.033
 1673   2.005
 1674   1.992
 1675   1.973
 1676   2.027
 1677   1.970
 1678   1.971
 1679   1.982
 1680   2.052
 1681   1.926
 1682   1.944
 1683   1.946
 1684   1.965
 1685   1.951
 1686   1.960
 1687   1.941
 1688   1.967
 1689   1.910
 1690   1.917
 1691   2.014
 1692   1.913
 1693   1.959
 1694   1.966
 1695   1.964
 1696   2.018
 1697   1.975
 1698   1.960
 1699   1.904
 1700   1.899
 1701   1.953
 1702   1.990
 1703   1.992
 1704   1.961
 1705   1.963
 1706   2.039
 1707   1.903
 1708   1.973
 1709   1.932
 1710   2.005
 1711   1.990
 1712   1.962
 1713   1.928
 1714   1.944
 1715   1.946
 1716   1.908
 1717   1.956
 1718   1.918
 1719   1.906
 1720   1.935
 1721   1.953
 1722   2.031
 1723   2.078
 1724   2.064
 1725   2.012
 1726   1.973
 1727   1.990
 1728   2.004
 1729   1.971
 1730   1.891
 1731   1.964
 1732   1.982
 1733   2.011
 1734   1.959
 1735   1.940
 1736   1.937
 1737   1.964
 1738   2.012
 1739   2.013
 1740   1.994
 1741   2.109
 1742   2.013
 1743   2.079
 1744   2.094
 1745   2.080
 1746   2.052
 1747   2.092
 1748   2.028
 1749   2.044
 1750   1.944
 1751   2.011
 1752   1.996
 1753   1.942
 1754   2.034
 1755   2.025
 1756   2.077
 1757   2.142
 1758   1.982
 1759   1.963
 1760   2.054
 1761   2.071
 1762   2.107
 1763   2.044
 1764   2.057
 1765   2.054
 1766   1.989
 1767   2.041
 1768   2.077
 1769   2.107
 1770   2.125
 1771   1.999
 1772   1.988
 1773   2.062
 1774   2.004
 1775   2.000
 1776   2.032
 1777   2.115
 1778   2.135
 1779   2.027
 1780   1.938
 1781   1.911
 1782   1.949
 1783   1.979
 1784   1.931
 1785   1.948
 1786   1.927
 1787   1.958
 1788   1.973
 1789   1.984
 1790   1.991
 1791   1.956
 1792   1.962
 1793   1.898
 1794   1.884
 1795   1.967
 1796   1.953
 1797   1.933
 1798   1.901
 1799   1.917
 1800   1.963
 1801   1.905
 1802   1.919
 1803   2.039
 1804   2.026
 1805   1.937
 1806   1.948
 1807   2.031
 1808   2.095
 1809   2.034
 1810   1.931
 1811   1.901
 1812   1.993
 1813   2.015
 1814   2.009
 1815   2.002
 1816   1.967
 1817   2.030
 1818   2.017
 1819   2.037
 1820   2.011
 1821   1.988
 1822   1.933
 1823   2.085
 1824   2.035
 1825   2.070
 1826   2.059
 1827   2.078
 1828   2.065
 1829   2.055
 1830   2.062
 1831   2.055
 1832   2.022
 1833   2.012
 1834   2.043
 1835   1.996
 1836   2.011
 1837   1.963
 1838   1.961
 1839   2.042
 1840   2.021
 1841   2.104
 1842   2.147
 1843   2.105
 1844   2.072
 1845   2.050
 1846   2.005
 1847   2.025
 1848   2.032
 1849   2.072
 1850   1.967
 1851   1.974
 1852   2.005
 1853   2.019
 1854   1.994
 1855   2.014
 1856   1.978
 1857   1.957
 1858   2.029
 1859   2.019
 1860   2.051
 1861   2.087
 1862   2.030
 1863   2.077
 1864   2.047
 1865   2.096
 1866   2.017
 1867   2.022
 1868   1.961
 1869   2.044
 1870   2.057
 1871   2.029
 1872   1.981
 1873   2.052
 1874   1.952
 1875   1.927
 1876   1.942
 1877   1.964
 1878   2.046
 1879   2.057
 1880   1.997
 1881   2.017
 1882   2.002
 1883   2.005
 1884   2.051
 1885   2.139
 1886   2.164
 1887   2.088
 1888   2.088
 1889   2.090
 1890   2.027
 1891   2.073
 1892   2.064
 1893   2.040
 1894   2.089
 1895   2.057
 1896   2.040
 1897   2.036
 1898   2.046
 1899   2.056
 1900   2.020
 1901   2.114
 1902   2.129
 1903   2.111
 1904   2.063
 1905   2.094
 1906   2.034
 1907   2.109
 1908   2.045
 1909   2.059
 1910   2.043
 1911   2.056
 1912   2.092
 1913   2.110
 1914   2.080
 1915   2.059
 1916   2.090
 1917   2.019
 1918   2.001
 1919   2.016
 1920   1.962
 1921   1.987
 1922   1.974
 1923   1.927
 1924   1.973
 1925   2.013
 1926   1.952
 1927   1.972
 1928   2.013
 1929   2.092
 1930   2.031
 1931   2.036
 1932   1.997
 1933   1.984
 1934   1.978
 1935   2.047
 1936   2.083
 1937   2.097
 1938   2.056
 1939   1.961
 1940   1.912
 1941   1.891
 1942   1.969
 1943   1.966
 1944   2.047
 1945   1.967
 1946   2.021
 1947   1.982
 1948   1.953
 1949   1.949
 1950   2.044
 1951   2.042
 1952   2.100
 1953   2.150
 1954   2.088
 1955   2.099
 1956   2.112
 1957   2.102
 1958   2.100
 1959   2.095
 1960   2.059
 1961   2.046
 1962   1.999
 1963   1.998
 1964   2.032
 1965   2.010
 1966   1.975
 1967   2.058
 1968   2.022
 1969   2.027
 1970   1.926
 1971   2.043
 1972   2.113
 1973   2.036
 1974   2.055
 1975   2.054
 1976   2.068
 1977   2.087
 1978   2.089
 1979   2.101
 1980   2.117
 1981   2.111
 1982   2.142
 1983   2.094
 1984   2.094
 1985   2.058
 1986   2.094
 1987   2.137
 1988   2.060
 1989   2.068
 1990   2.022
 1991   2.040
 1992   2.044
 1993   2.020
 1994   2.089
 1995   2.117
 1996   2.148
 1997   2.201
 1998   2.244
 1999   2.177
 2000   2.209
 2001   2.305
 2002   2.311
 2003   2.279
 2004   2.280
 2005   2.258
 2006   2.324
 2007   2.288
 2008   2.269
 2009   2.278
 2010   2.360
 2011   2.333
 2012   2.335
 2013   2.312
 2014   2.376
 2015   2.311
 2016   2.327
 2017   2.286
 2018   2.273
 2019   2.315
 2020   2.288
 2021   2.260
 2022   2.184
 2023   2.130
 2024   2.103
 2025   2.133
 2026   2.132
 2027   2.099
 2028   2.090
 2029   2.184
 2030   2.196
 2031   2.255
 2032   2.309
 2033   2.196
 2034   2.292
 2035   2.247
 2036   2.202
 2037   2.200
 2038   2.164
 2039   2.202
 2040   2.190
 2041   2.217
 2042   2.214
 2043   2.164
 2044   2.153
 2045   2.176
 2046   2.206
 2047   2.212
 2048   2.136
 2049   2.192
 2050   2.175
 2051   2.170
 2052   2.191
 2053   2.184
 2054   2.221
 2055   2.167
 2056   2.200
 2057   2.218
 2058   2.205
 2059   2.195
 2060   2.177
 2061   2.142
 2062   2.233
 2063   2.183
 2064   2.159
 2065   2.207
 2066   2.248
 2067   2.244
 2068   2.187
 2069   2.189
 2070   2.250
 2071   2.221
 2072   2.132
 2073   2.165
 2074   2.102
 2075   2.110
 2076   2.086
 2077   2.098
 2078   2.135
 2079   2.174
 2080   2.085
 2081   2.130
 2082   2.206
 2083   2.196
 2084   2.086
 2085   2.092
 2086   2.089
 2087   1.989
 2088   2.092
 2089   2.032
 2090   1.977
 2091   2.015
 2092   2.018
 2093   2.119
 2094   2.055
 2095   2.079
 2096   2.037
 2097   2.019
 2098   2.089
 2099   2.109
 2100   2.125
 2101   2.041
 2102   1.979
 2103   2.017
 2104   2.089
 2105   2.138
 2106   2.115
 2107   2.112
 2108   2.138
 2109   2.004
 2110   2.058
 2111   1.997
 2112   2.117
 2113   1.975
 2114   2.022
 2115   2.065
 2116   2.040
 2117   2.066
 2118   2.054
 2119   2.044
 2120   2.065
 2121   2.084
 2122   2.062
 2123   2.133
 2124   2.101
 2125   2.134
 2126   2.093
 2127   2.056
 2128   2.045
 2129   2.028
 2130   2.042
 2131   2.034
 2132   1.976
 2133   1.968
 2134   1.953
 2135   1.994
 2136   2.029
 2137   2.043
 2138   1.988
 2139   2.078
 2140   2.039
 2141   2.001
 2142   1.939
 2143   2.005
 2144   1.971
 2145   2.027
 2146   2.015
 2147   2.041
 2148   2.039
 2149   2.045
 2150   2.142
 2151   2.098
 2152   2.029
 2153   1.964
 2154   1.991
 2155   1.937
 2156   1.977
 2157   1.941
 2158   1.988
 2159   2.045
 2160   2.009
 2161   2.047
 2162   2.036
 2163   2.030
 2164   2.123
 2165   2.140
 2166   2.111
 2167   2.082
 2168   2.171
 2169   2.228
 2170   2.241
 2171   2.226
 2172   2.263
 2173   2.216
 2174   2.267
 2175   2.230
 2176   2.197
 2177   2.204
 2178   2.211
 2179   2.188
 2180   2.182
 2181   2.199
 2182   2.155
 2183   2.207
 2184   2.155
 2185   2.082
 2186   2.169
 2187   2.201
 2188   2.223
 2189   2.297
 2190   2.246
 2191   2.274
 2192   2.232
 2193   2.138
 2194   2.162
 2195   2.125
 2196   2.181
 2197   2.156
 2198   2.161
 2199   2.198
 2200   2.246
 2201   2.223
 2202   2.139
 2203   2.153
 2204   2.141
 2205   2.160
 2206   2.163
 2207   2.143
 2208   2.117
 2209   2.169
 2210   2.210
 2211   2.181
 2212   2.168
 2213   2.210
 2214   2.169
 2215   2.104
 2216   2.192
 2217   2.166
 2218   2.069
 2219   2.108
 2220   2.189
 2221   2.173
 2222   2.211
 2223   2.225
 2224   2.248
 2225   2.203
 2226   2.158
 2227   2.093
 2228   2.113
 2229   2.129
 2230   2.099
 2231   2.158
 2232   2.140
 2233   2.201
 2234   2.264
 2235   2.211
 2236   2.275
 2237   2.310
 2238   2.255
 2239   2.226
 2240   2.211
 2241   2.171
 2242   2.176
 2243   2.138
 2244   2.173
 2245   2.115
 2246   2.084
 2247   2.126
 2248   2.166
 2249   2.150
 2250   2.106
 2251   2.101
 2252   2.127
 2253   2.165
 2254   2.137
 2255   2.121
 2256   2.204
 2257   2.059
 2258   2.100
 2259   2.126
 2260   2.103
 2261   2.179
 2262   2.176
 2263   2.162
 2264   2.169
 2265   2.090
 2266   2.123
 2267   2.135
 2268   2.173
 2269   2.180
 2270   2.190
 2271   2.139
 2272   2.140
 2273   2.151
 2274   2.109
 2275   2.106
 2276   2.152
 2277   2.175
 2278   2.089
 2279   2.128
 2280   2.172
 2281   2.175
 2282   2.201
 2283   2.124
 2284   2.096
 2285   2.027
 2286   2.130
 2287   2.085
 2288   2.096
 2289   2.103
 2290   2.067
 2291   2.121
 2292   2.042
 2293   2.040
 2294   1.992
 2295   2.080
 2296   2.053
 2297   2.080
 2298   2.046
 2299   2.104
 2300   2.078
 2301   2.078
 2302   2.024
 2303   2.036
 2304   2.083
 2305   2.223
 2306   2.132
 2307   2.103
 2308   2.138
 2309   2.212
 2310   2.158
 2311   2.150
 2312   2.087
 2313   2.062
 2314   2.062
 2315   2.063
 2316   2.143
 2317   2.128
 2318   2.152
 2319   2.209
 2320   2.220
 2321   2.233
 2322   2.265
 2323   2.244
 2324   2.157
 2325   2.173
 2326   2.253
 2327   2.259
 2328   2.238
 2329   2.258
 2330   2.219
 2331   2.234
 2332   2.202
 2333   2.155
 2334   2.131
 2335   2.183
 2336   2.185
 2337   2.216
 2338   2.250
 2339   2.235
 2340   2.274
 2341   2.285
 2342   2.226
 2343   2.234
 2344   2.253
 2345   2.226
 2346   2.247
 2347   2.251
 2348   2.247
 2349   2.315
 2350   2.254
 2351   2.276
 2352   2.227
 2353   2.250
 2354   2.229
 2355   2.213
 2356   2.217
 2357   2.240
 2358   2.182
 2359   2.192
 2360   2.121
 2361   2.159
 2362   2.152
 2363   2.136
 2364   2.131
 2365   2.148
 2366   2.155
 2367   2.113
 2368   2.139
 2369   2.222
 2370   2.185
 2371   2.213
 2372   2.209
 2373   2.167
 2374   2.229
 2375   2.216
 2376   2.220
 2377   2.205
 2378   2.124
 2379   2.111
 2380   2.152
 2381   2.230
 2382   2.218
 2383   2.205
 2384   2.207
 2385   2.158
 2386   2.238
 2387   2.152
 2388   2.212
 2389   2.234
 2390   2.252
 2391   2.259
 2392   2.245
 2393   2.215
 2394   2.204
 2395   2.088
 2396   2.169
 2397   2.253
 2398   2.245
 2399   2.276
 2400   2.224
 2401   2.174
 2402   2.173
 2403   2.176
 2404   2.214
 2405   2.161
 2406   2.247
 2407   2.229
 2408   2.248
 2409   2.228
 2410   2.188
 2411   2.174
 2412   2.176
 2413   2.203
 2414   2.130
 2415   2.200
 2416   2.142
 2417   2.161
 2418   2.164
 2419   2.174
 2420   2.237
 2421   2.181
 2422   2.228
 2423   2.170
 2424   2.182
 2425   2.123
 2426   2.143
 2427   2.181
 2428   2.117
 2429   2.116
 2430   2.069
 2431   2.108
 2432   2.088
 2433   2.091
 2434   2.078
 2435   2.057
 2436   2.094
 2437   2.051
 2438   2.143
 2439   2.152
 2440   2.094
 2441   2.230
 2442   2.196
 2443   2.149
 2444   2.211
 2445   2.178
 2446   2.215
 2447   2.214
 2448   2.245
 2449   2.216
 2450   2.270
 2451   2.316
 2452   2.306
 2453   2.253
 2454   2.235
 2455   2.309
 2456   2.321
 2457   2.291
 2458   2.304
 2459   2.267
 2460   2.275
 2461   2.285
 2462   2.307
 2463   2.335
 2464   2.386
 2465   2.381
 2466   2.309
 2467   2.373
 2468   2.341
 2469   2.293
 2470   2.279
 2471   2.316
 2472   2.310
 2473   2.324
 2474   2.320
 2475   2.322
 2476   2.351
 2477   2.380
 2478   2.281
 2479   2.281
 2480   2.215
 2481   2.217
 2482   2.249
 2483   2.232
 2484   2.210
 2485   2.264
 2486   2.162
 2487   2.185
 2488   2.159
 2489   2.233
 2490   2.226
 2491   2.245
 2492   2.271
 2493   2.252
 2494   2.222
 2495   2.133
 2496   2.188
 2497   2.195
 2498   2.213
 2499   2.148
 2500   2.097
 2501   2.176
 2502   2.289
 2503   2.228
 2504   2.212
 2505   2.265
 2506   2.167
 2507   2.167
 2508   2.139
 2509   2.138
 2510   2.207
 2511   2.169
 2512   2.153
 2513   2.214
 2514   2.191
 2515   2.200
 2516   2.192
 2517   2.124
 2518   2.153
 2519   2.168
 2520   2.127
 2521   2.152
 2522   2.128
 2523   2.124
 2524   2.138
 2525   2.031
 2526   2.138
 2527   2.175
 2528   2.062
 2529   2.164
 2530   2.181
 2531   2.090
 2532   2.150
 2533   2.135
 2534   2.174
 2535   2.251
 2536   2.263
 2537   2.277
 2538   2.329
 2539   2.312
 2540   2.312
 2541   2.284
 2542   2.280
 2543   2.331
 2544   2.312
 2545   2.266
 2546   2.320
 2547   2.292
 2548   2.378
 2549   2.366
 2550   2.304
 2551   2.294
 2552   2.303
 2553   2.343
 2554   2.350
 2555   2.355
 2556   2.396
 2557   2.380
 2558   2.345
 2559   2.269
 2560   2.271
 2561   2.224
 2562   2.143
 2563   2.180
 2564   2.109
 2565   2.190
 2566   2.131
 2567   2.101
 2568   2.103
 2569   2.156
 2570   2.119
 2571   2.162
 2572   2.114
 2573   2.146
 2574   2.175
 2575   2.165
 2576   2.179
 2577   2.213
 2578   2.145
 2579   2.175
 2580   2.165
 2581   2.158
 2582   2.209
 2583   2.242
 2584   2.238
 2585   2.231
 2586   2.159
 2587   2.211
 2588   2.240
 2589   2.228
 2590   2.156
 2591   2.129
 2592   2.244
 2593   2.222
 2594   2.270
 2595   2.213
 2596   2.219
 2597   2.189
 2598   2.191
 2599   2.266
 2600   2.269
 2601   2.235
 2602   2.295
 2603   2.256
 2604   2.255
 2605   2.245
 2606   2.138
 2607   2.127
 2608   2.153
 2609   2.134
 2610   2.082
 2611   2.103
 2612   2.099
 2613   2.090
 2614   2.056
 2615   2.103
 2616   2.096
 2617   2.055
 2618   2.131
 2619   2.022
 2620   2.005
 2621   2.031
 2622   2.112
 2623   2.071
 2624   2.083
 2625   2.068
 2626   2.084
 2627   2.099
 2628   2.027
 2629   2.137
 2630   1.997
 2631   2.035
 2632   2.019
 2633   2.033
 2634   2.084
 2635   2.087
 2636   2.041
 2637   2.078
 2638   2.056
 2639   2.062
 2640   2.055
 2641   2.055
 2642   2.057
 2643   2.031
 2644   2.064
 2645   2.048
 2646   2.082
 2647   2.115
 2648   2.102
 2649   2.096
 2650   2.126
 2651   2.097
 2652   2.058
 2653   2.005
 2654   2.033
 2655   2.020
 2656   2.018
 2657   2.061
 2658   2.081
 2659   2.093
 2660   2.077
 2661   2.104
 2662   2.063
 2663   2.067
 2664   2.017
 2665   1.944
 2666   2.037
 2667   2.020
 2668   1.991
 2669   2.028
 2670   2.018
 2671   2.048
 2672   2.068
 2673   2.012
 2674   2.071
 2675   1.961
 2676   1.971
 2677   1.984
 2678   1.964
 2679   1.986
 2680   2.047
 2681   2.032
 2682   2.072
 2683   2.100
 2684   2.022
 2685   2.123
 2686   2.108
 2687   2.040
 2688   2.014
 2689   2.002
 2690   1.981
 2691   2.040
 2692   1.985
 2693   2.010
 2694   1.973
 2695   2.016
 2696   2.086
 2697   2.126
 2698   2.156
 2699   2.210
 2700   2.152
 2701   2.158
 2702   2.143
 2703   2.199
 2704   2.149
 2705   2.192
 2706   2.149
 2707   2.131
 2708   2.126
 2709   2.178
 2710   2.179
 2711   2.155
 2712   2.169
 2713   2.165
 2714   2.180
 2715   2.177
 2716   2.162
 2717   2.123
 2718   2.122
 2719   2.210
 2720   2.165
 2721   2.118
 2722   2.133
 2723   2.171
 2724   2.178
 2725   2.239
 2726   2.189
 2727   2.229
 2728   2.225
 2729   2.231
 2730   2.259
 2731   2.240
 2732   2.258
 2733   2.266
 2734   2.199
 2735   2.223
 2736   2.230
 2737   2.132
 2738   2.079
 2739   2.101
 2740   2.121
 2741   2.083
 2742   2.012
 2743   2.021
 2744   1.993
 2745   2.011
 2746   2.014
 2747   2.000
 2748   2.037
 2749   2.040
 2750   2.004
 2751   2.019
 2752   2.047
 2753   2.040
 2754   2.019
 2755   1.997
 2756   2.014
 2757   2.040
 2758   2.070
 2759   1.978
 2760   1.966
 2761   1.984
 2762   1.986
 2763   1.906
 2764   1.988
 2765   1.925
 2766   1.941
 2767   1.983
 2768   2.047
 2769   2.099
 2770   2.079
 2771   2.097
 2772   2.028
 2773   1.912
 2774   1.970
 2775   1.951
 2776   1.981
 2777   1.986
 2778   1.963
 2779   1.893
 2780   1.918
 2781   1.971
 2782   1.935
 2783   1.964
 2784   1.992
 2785   1.914
 2786   1.875
 2787   1.913
 2788   1.870
 2789   1.996
 2790   1.977
 2791   1.993
 2792   2.020
 2793   2.081
 2794   2.098
 2795   2.079
 2796   1.997
 2797   1.968
 2798   1.983
 2799   1.963
 2800   2.021
 2801   2.001
 2802   1.969
 2803   2.021
 2804   1.979
 2805   1.909
 2806   1.930
 2807   1.935
 2808   1.899
 2809   1.929
 2810   2.010
 2811   1.922
 2812   1.934
 2813   2.045
 2814   2.007
 2815   2.046
 2816   1.993
 2817   2.008
 2818   2.044
 2819   2.058
 2820   2.068
 2821   1.991
 2822   2.036
 2823   1.999
 2824   2.022
 2825   2.025
 2826   2.071
 2827   2.117
 2828   2.028
 2829   2.010
 2830   1.974
 2831   2.049
 2832   2.006
 2833   2.048
 2834   2.034
 2835   2.065
 2836   2.101
 2837   2.101
 2838   2.110
 2839   2.101
 2840   2.127
 2841   2.123
 2842   2.113
 2843   2.045
 2844   2.059
 2845   2.095
 2846   1.993
 2847   2.009
 2848   2.025
 2849   2.019
 2850   2.005
 2851   2.054
 2852   2.040
 2853   2.028
 2854   2.093
 2855   2.029
 2856   2.053
 2857   2.021
 2858   1.935
 2859   1.986
 2860   2.072
 2861   2.052
 2862   2.123
 2863   2.160
 2864   2.201
 2865   2.192
 2866   2.138
 2867   2.170
 2868   2.114
 2869   2.105
 2870   2.161
 2871   2.251
 2872   2.247
 2873   2.141
 2874   2.164
 2875   2.144
 2876   2.170
 2877   2.153
 2878   2.058
 2879   2.007
 2880   2.050
 2881   2.040
 2882   1.989
 2883   1.987
 2884   1.970
 2885   1.951
 2886   1.921
 2887   1.946
 2888   2.008
 2889   2.005
 2890   2.044
 2891   2.008
 2892   2.079
 2893   2.061
 2894   1.981
 2895   2.051
 2896   2.085
 2897   2.098
 2898   2.080
 2899   2.084
 2900   2.058
 2901   2.042
 2902   2.066
 2903   2.017
 2904   2.012
 2905   1.970
 2906   2.043
 2907   2.065
 2908   2.165
 2909   2.155
 2910   2.071
 2911   2.097
 2912   2.087
 2913   2.063
 2914   2.011
 2915   2.028
 2916   2.044
 2917   2.093
 2918   2.071
 2919   2.062
 2920   2.009
 2921   2.121
 2922   2.135
 2923   2.055
 2924   2.073
 2925   2.031
 2926   2.078
 2927   2.003
 2928   2.046
 2929   1.977
 2930   1.969
 2931   1.998
 2932   2.111
 2933   2.034
 2934   2.093
 2935   2.159
 2936   2.124
 2937   2.162
 2938   2.104
 2939   2.195
 2940   2.173
 2941   2.110
 2942   2.105
 2943   2.094
 2944   2.109
 2945   2.115
 2946   2.161
 2947   2.151
 2948   2.167
 2949   2.128
 2950   2.132
 2951   2.095
 2952   2.129
 2953   2.136
 2954   2.099
 2955   2.163
 2956   2.077
 2957   2.136
 2958   2.157
 2959   2.195
 2960   2.152
 2961   2.271
 2962   2.195
 2963   2.183
 2964   2.316
 2965   2.291
 2966   2.372
 2967   2.364
 2968   2.347
 2969   2.403
 2970   2.405
 2971   2.383
 2972   2.445
 2973   2.479
 2974   2.511
 2975   2.529
 2976   2.400
 2977   2.413
 2978   2.474
 2979   2.453
 2980   2.517
 2981   2.468
 2982   2.458
 2983   2.428
 2984   2.446
 2985   2.493
 2986   2.483
 2987   2.503
 2988   2.483
 2989   2.433
 2990   2.413
 2991   2.434
 2992   2.490
 2993   2.368
 2994   2.323
 2995   2.440
 2996   2.276
 2997   2.315
 2998   2.426
 2999   2.417
 3000   2.339
 3001   2.352
 3002   2.328
 3003   2.378
 3004   2.355
 3005   2.364
 3006   2.296
 3007   2.235
 3008   2.224
 3009   2.168
 3010   2.200
 3011   2.236
 3012   2.212
 3013   2.245
 3014   2.254
 3015   2.239
 3016   2.430
 3017   2.428
 3018   2.404
 3019   2.347
 3020   2.397
 3021   2.443
 3022   2.404
 3023   2.447
 3024   2.417
 3025   2.527
 3026   2.496
 3027   2.380
 3028   2.483
 3029   2.493
 3030   2.547
 3031   2.481
 3032   2.484
 3033   2.495
 3034   2.391
 3035   2.350
 3036   2.352
 3037   2.407
 3038   2.318
 3039   2.334
 3040   2.289
 3041   2.255
 3042   2.324
 3043   2.408
 3044   2.406
 3045   2.444
 3046   2.397
 3047   2.449
 3048   2.474
 3049   2.450
 3050   2.448
 3051   2.469
 3052   2.447
 3053   2.445
 3054   2.438
 3055   2.488
 3056   2.526
 3057   2.570
 3058   2.619
 3059   2.550
 3060   2.609
 3061   2.511
 3062   2.530
 3063   2.370
 3064   2.353
 3065   2.508
 3066   2.470
 3067   2.389
 3068   2.429
 3069   2.318
 3070   2.356
 3071   2.298
 3072   2.256
 3073   2.262
 3074   2.293
 3075   2.362
 3076   2.460
 3077   2.425
 3078   2.479
 3079   2.456
 3080   2.408
 3081   2.413
 3082   2.529
 3083   2.436
 3084   2.505
 3085   2.399
 3086   2.365
 3087   2.355
 3088   2.339
 3089   2.365
 3090   2.341
 3091   2.315
 3092   2.255
 3093   2.285
 3094   2.277
 3095   2.271
 3096   2.238
 3097   2.316
 3098   2.179
 3099   2.143
 3100   2.189
 3101   2.147
 3102   2.136
 3103   2.175
 3104   2.150
 3105   2.110
 3106   2.183
 3107   2.089
 3108   2.119
 3109   2.037
 3110   2.049
 3111   2.105
 3112   2.082
 3113   2.142
 3114   2.127
 3115   2.184
 3116   2.110
 3117   2.122
 3118   2.199
 3119   2.196
 3120   2.125
 3121   2.090
 3122   2.114
 3123   2.090
 3124   2.160
 3125   2.172
 3126   2.219
 3127   2.219
 3128   2.139
 3129   2.088
 3130   2.100
 3131   2.026
 3132   2.178
 3133   2.120
 3134   2.144
 3135   2.123
 3136   2.093
 3137   2.140
 3138   2.064
 3139   2.151
 3140   2.170
 3141   2.172
 3142   2.091
 3143   2.251
 3144   2.296
 3145   2.266
 3146   2.196
 3147   2.194
 3148   2.198
 3149   2.200
 3150   2.149
 3151   2.192
 3152   2.177
 3153   2.128
 3154   2.194
 3155   2.178
 3156   2.136
 3157   2.168
 3158   2.188
 3159   2.200
 3160   2.197
 3161   2.202
 3162   2.176
 3163   2.104
 3164   2.126
 3165   2.223
 3166   2.253
 3167   2.260
 3168   2.123
 3169   2.288
 3170   2.293
 3171   2.250
 3172   2.307
 3173   2.300
 3174   2.338
 3175   2.328
 3176   2.259
 3177   2.229
 3178   2.202
 3179   2.216
 3180   2.200
 3181   2.243
 3182   2.268
 3183   2.226
 3184   2.236
 3185   2.250
 3186   2.248
 3187   2.237
 3188   2.325
 3189   2.349
 3190   2.380
 3191   2.344
 3192   2.400
 3193   2.378
 3194   2.525
 3195   2.476
 3196   2.386
 3197   2.378
 3198   2.339
 3199   2.288
 3200   2.322
 3201   2.358
 3202   2.325
 3203   2.327
 3204   2.343
 3205   2.303
 3206   2.367
 3207   2.358
 3208   2.405
 3209   2.439
 3210   2.419
 3211   2.427
 3212   2.407
 3213   2.377
 3214   2.249
 3215   2.255
 3216   2.338
 3217   2.323
 3218   2.327
 3219   2.340
 3220   2.325
 3221   2.325
 3222   2.316
 3223   2.200
 3224   2.235
 3225   2.294
 3226   2.337
 3227   2.322
 3228   2.244
 3229   2.205
 3230   2.297
 3231   2.188
 3232   2.117
 3233   2.117
 3234   2.118
 3235   2.120
 3236   2.159
 3237   2.098
 3238   2.066
 3239   2.116
 3240   2.096
 3241   2.076
 3242   2.100
 3243   2.063
 3244   2.061
 3245   2.091
 3246   2.109
 3247   2.081
 3248   2.132
 3249   2.207
 3250   2.207
 3251   2.188
 3252   2.172
 3253   2.202
 3254   2.156
 3255   2.193
 3256   2.219
 3257   2.201
 3258   2.097
 3259   2.023
 3260   2.100
 3261   2.094
 3262   2.050
 3263   2.099
 3264   1.991
 3265   2.032
 3266   2.013
 3267   2.018
 3268   1.922
 3269   2.022
 3270   2.004
 3271   1.888
 3272   2.024
 3273   1.972
 3274   1.921
 3275   1.926
 3276   1.878
 3277   1.889
 3278   1.939
 3279   1.909
 3280   1.990
 3281   1.971
 3282   2.053
 3283   1.946
 3284   1.963
 3285   1.909
 3286   1.907
 3287   1.888
 3288   1.901
 3289   1.966
 3290   1.905
 3291   1.912
 3292   1.993
 3293   1.966
 3294   1.984
 3295   1.969
 3296   1.903
 3297   1.964
 3298   1.990
 3299   1.949
 3300   1.978
 3301   1.978
 3302   1.940
 3303   1.967
 3304   1.955
 3305   1.960
 3306   1.984
 3307   2.026
 3308   2.069
 3309   2.093
 3310   2.084
 3311   2.011
 3312   2.026
 3313   2.046
 3314   2.072
 3315   2.054
 3316   2.088
 3317   2.148
 3318   2.172
 3319   2.219
 3320   2.199
 3321   2.217
 3322   2.206
 3323   2.208
 3324   2.266
 3325   2.232
 3326   2.130
 3327   2.042
 3328   2.113
 3329   2.120
 3330   2.173
 3331   2.200
 3332   2.130
 3333   2.097
 3334   2.224
 3335   2.119
 3336   2.128
 3337   2.113
 3338   2.201
 3339   2.117
 3340   2.093
 3341   2.156
 3342   2.108
 3343   2.119
 3344   2.145
 3345   2.212
 3346   2.066
 3347   2.036
 3348   2.078
 3349   2.048
 3350   1.995
 3351   2.057
 3352   1.939
 3353   2.040
 3354   1.941
 3355   1.974
 3356   1.996
 3357   2.025
 3358   2.047
 3359   2.118
 3360   2.052
 3361   2.068
 3362   2.017
 3363   2.100
 3364   2.130
 3365   2.139
 3366   2.039
 3367   2.038
 3368   2.143
 3369   2.070
 3370   2.116
 3371   2.036
 3372   2.011
 3373   2.033
 3374   2.001
 3375   2.017
 3376   2.034
 3377   2.023
 3378   1.934
 3379   2.012
 3380   1.965
 3381   1.934
 3382   1.939
 3383   1.999
 3384   2.016
 3385   2.050
 3386   2.003
 3387   2.013
 3388   2.039
 3389   2.000
 3390   1.985
 3391   1.977
 3392   1.999
 3393   2.085
 3394   1.965
 3395   1.968
 3396   1.991
 3397   1.913
 3398   1.945
 3399   1.954
 3400   1.904
 3401   1.989
 3402   2.058
 3403   2.025
 3404   2.099
 3405   2.020
 3406   2.041
 3407   2.045
 3408   2.067
 3409   2.096
 3410   2.083
 3411   2.067
 3412   2.136
 3413   2.096
 3414   2.109
 3415   2.133
 3416   2.098
 3417   2.059
 3418   2.030
 3419   2.009
 3420   2.016
 3421   2.020
 3422   1.941
 3423   1.914
 3424   1.947
 3425   2.000
 3426   2.008
 3427   1.939
 3428   1.933
 3429   1.907
 3430   1.912
 3431   1.993
 3432   2.073
 3433   2.094
 3434   1.997
 3435   1.988
 3436   1.965
 3437   1.950
 3438   1.985
 3439   2.007
 3440   1.947
 3441   2.014
 3442   1.939
 3443   1.922
 3444   1.965
 3445   1.940
 3446   1.873
 3447   1.902
 3448   1.820
 3449   1.929
 3450   1.906
 3451   1.907
 3452   1.932
 3453   1.876
 3454   1.860
 3455   1.949
 3456   1.841
 3457   1.819
 3458   1.850
 3459   1.888
 3460   1.838
 3461   1.856
 3462   1.845
 3463   1.848
 3464   1.843
 3465   1.935
 3466   1.891
 3467   1.913
 3468   1.856
 3469   1.856
 3470   1.887
 3471   1.862
 3472   1.881
 3473   1.874
 3474   1.886
 3475   1.945
 3476   1.919
 3477   1.991
 3478   1.924
 3479   1.969
 3480   1.977
 3481   1.996
 3482   2.022
 3483   2.016
 3484   2.086
 3485   2.098
 3486   2.095
 3487   2.081
 3488   2.028
 3489   2.048
 3490   2.067
 3491   2.024
 3492   1.990
 3493   1.990
 3494   2.022
 3495   1.976
 3496   1.954
 3497   1.947
 3498   1.990
 3499   1.953
 3500   2.005
 3501   2.000
 3502   2.089
 3503   2.046
 3504   2.044
 3505   2.071
 3506   2.142
 3507   2.124
 3508   2.092
 3509   2.036
 3510   2.010
 3511   2.069
 3512   2.039
 3513   2.104
 3514   1.999
 3515   2.014
 3516   2.135
 3517   2.047
 3518   2.149
 3519   2.122
 3520   2.083
 3521   2.089
 3522   2.084
 3523   1.989
 3524   2.015
 3525   2.057
 3526   2.027
 3527   2.042
 3528   2.074
 3529   2.010
 3530   2.105
 3531   2.089
 3532   2.101
 3533   2.141
 3534   2.122
 3535   2.157
 3536   2.180
 3537   2.226
 3538   2.246
 3539   2.176
 3540   2.175
 3541   2.205
 3542   2.214
 3543   2.081
 3544   2.120
 3545   2.119
 3546   2.125
 3547   2.174
 3548   2.165
 3549   2.222
 3550   2.132
 3551   2.179
 3552   2.188
 3553   2.155
 3554   2.201
 3555   2.202
 3556   2.238
 3557   2.347
 3558   2.255
 3559   2.278
 3560   2.190
 3561   2.258
 3562   2.259
 3563   2.272
 3564   2.266
 3565   2.280
 3566   2.343
 3567   2.248
 3568   2.197
 3569   2.245
 3570   2.294
 3571   2.227
 3572   2.205
 3573   2.208
 3574   2.239
 3575   2.181
 3576   2.128
 3577   2.110
 3578   2.146
 3579   2.211
 3580   2.223
 3581   2.334
 3582   2.317
 3583   2.249
 3584   2.204
 3585   2.193
 3586   2.236
 3587   2.253
 3588   2.213
 3589   2.144
 3590   2.127
 3591   2.193
 3592   2.165
 3593   2.215
 3594   2.087
 3595   2.178
 3596   2.112
 3597   2.075
 3598   2.130
 3599   2.113
 3600   2.061
 3601   2.147
 3602   2.129
 3603   2.157
 3604   2.174
 3605   2.156
 3606   2.203
 3607   2.156
 3608   2.119
 3609   2.134
 3610   2.120
 3611   2.123
 3612   2.158
 3613   2.194
 3614   2.084
 3615   2.124
 3616   2.168
 3617   2.157
 3618   2.077
 3619   2.125
 3620   2.149
 3621   2.158
 3622   2.133
 3623   2.214
 3624   2.186
 3625   2.195
 3626   2.208
 3627   2.220
 3628   2.204
 3629   2.256
 3630   2.230
 3631   2.125
 3632   2.144
 3633   2.146
 3634   2.141
 3635   2.216
 3636   2.173
 3637   2.197
 3638   2.180
 3639   2.185
 3640   2.083
 3641   2.104
 3642   2.038
 3643   2.043
 3644   2.119
 3645   2.067
 3646   2.099
 3647   2.170
 3648   2.132
 3649   2.094
 3650   2.082
 3651   2.011
 3652   2.017
 3653   1.979
 3654   1.955
 3655   1.935
 3656   1.943
 3657   1.943
 3658   1.955
 3659   1.985
 3660   1.932
 3661   1.997
 3662   1.950
 3663   1.967
 3664   1.997
 3665   1.981
 3666   1.971
 3667   1.973
 3668   1.951
 3669   1.986
 3670   2.010
 3671   1.989
 3672   2.038
 3673   2.057
 3674   1.950
 3675   1.992
 3676   1.956
 3677   1.915
 3678   1.903
 3679   1.959
 3680   1.941
 3681   1.958
 3682   2.010
 3683   1.938
 3684   1.911
 3685   1.898
 3686   1.915
 3687   1.920
 3688   1.938
 3689   1.918
 3690   1.934
 3691   1.993
 3692   1.982
 3693   1.912
 3694   2.000
 3695   2.032
 3696   1.966
 3697   1.965
 3698   1.983
 3699   1.932
 3700   2.019
 3701   1.983
 3702   1.943
 3703   1.909
 3704   1.946
 3705   1.957
 3706   1.893
 3707   1.977
 3708   1.925
 3709   1.865
 3710   1.993
 3711   1.963
 3712   1.994
 3713   1.966
 3714   1.912
 3715   2.026
 3716   1.975
 3717   2.075
 3718   1.948
 3719   1.971
 3720   1.951
 3721   1.905
 3722   1.969
 3723   1.887
 3724   1.919
 3725   1.947
 3726   1.940
 3727   1.976
 3728   1.975
 3729   1.936
 3730   1.981
 3731   1.961
 3732   1.981
 3733   1.889
 3734   1.926
 3735   1.921
 3736   1.922
 3737   1.918
 3738   2.002
 3739   1.958
 3740   2.019
 3741   1.968
 3742   2.017
 3743   2.007
 3744   1.947
 3745   1.986
 3746   2.007
 3747   1.986
 3748   2.015
 3749   1.972
 3750   1.983
 3751   2.045
 3752   1.862
 3753   2.007
 3754   2.016
 3755   2.005
 3756   1.943
 3757   1.955
 3758   1.926
 3759   1.913
 3760   1.898
 3761   1.898
 3762   1.918
 3763   1.865
 3764   2.013
 3765   1.941
 3766   1.995
 3767   1.953
 3768   1.935
 3769   1.937
 3770   1.900
 3771   1.902
 3772   1.932
 3773   1.927
 3774   1.924
 3775   1.970
 3776   1.919
 3777   1.962
 3778   1.970
 3779   1.969
 3780   1.981
 3781   2.000
 3782   2.029
 3783   2.017
 3784   1.979
 3785   1.928
 3786   1.958
 3787   1.927
 3788   1.914
 3789   1.924
 3790   1.983
 3791   2.035
 3792   2.069
 3793   2.130
 3794   2.054
 3795   2.089
 3796   2.104
 3797   2.114
 3798   2.050
 3799   2.049
 3800   2.077
 3801   2.088
 3802   2.146
 3803   2.092
 3804   2.127
 3805   2.245
 3806   2.254
 3807   2.238
 3808   2.241
 3809   2.279
 3810   2.277
 3811   2.225
 3812   2.212
 3813   2.194
 3814   2.208
 3815   2.130
 3816   2.116
 3817   2.205
 3818   2.240
 3819   2.208
 3820   2.270
 3821   2.187
 3822   2.198
 3823   2.274
 3824   2.249
 3825   2.231
 3826   2.171
 3827   2.181
 3828   2.119
 3829   2.149
 3830   2.182
 3831   2.168
 3832   2.161
 3833   2.092
 3834   2.095
 3835   2.192
 3836   2.166
 3837   2.243
 3838   2.240
 3839   2.306
 3840   2.241
 3841   2.221
 3842   2.268
 3843   2.182
 3844   2.172
 3845   2.170
 3846   2.184
 3847   2.152
 3848   2.142
 3849   2.128
 3850   2.210
 3851   2.129
 3852   2.187
 3853   2.222
 3854   2.178
 3855   2.116
 3856   2.055
 3857   2.046
 3858   2.008
 3859   2.008
 3860   2.001
 3861   2.065
 3862   2.072
 3863   2.050
 3864   1.978
 3865   2.055
 3866   2.115
 3867   2.122
 3868   2.097
 3869   2.131
 3870   2.115
 3871   2.052
 3872   2.097
 3873   2.128
 3874   2.047
 3875   2.117
 3876   2.031
 3877   2.082
 3878   2.055
 3879   1.998
 3880   2.090
 3881   2.101
 3882   2.106
 3883   2.152
 3884   2.103
 3885   2.086
 3886   2.144
 3887   2.165
 3888   2.173
 3889   2.148
 3890   2.218
 3891   2.241
 3892   2.258
 3893   2.223
 3894   2.180
 3895   2.126
 3896   2.196
 3897   2.200
 3898   2.165
 3899   2.197
 3900   2.191
 3901   2.139
 3902   2.256
 3903   2.269
 3904   2.292
 3905   2.357
 3906   2.336
 3907   2.390
 3908   2.315
 3909   2.293
 3910   2.391
 3911   2.356
 3912   2.322
 3913   2.359
 3914   2.330
 3915   2.355
 3916   2.329
 3917   2.214
 3918   2.256
 3919   2.257
 3920   2.243
 3921   2.198
 3922   2.178
 3923   2.149
 3924   2.172
 3925   2.194
 3926   2.258
 3927   2.188
 3928   2.245
 3929   2.201
 3930   2.230
 3931   2.254
 3932   2.247
 3933   2.206
 3934   2.129
 3935   2.064
 3936   2.094
 3937   2.084
 3938   2.114
 3939   2.137
 3940   2.093
 3941   2.066
 3942   2.109
 3943   2.099
 3944   2.158
 3945   2.176
 3946   2.112
 3947   2.172
 3948   2.109
 3949   2.121
 3950   2.100
 3951   2.100
 3952   2.063
 3953   2.094
 3954   2.044
 3955   2.001
 3956   2.086
 3957   2.053
 3958   2.078
 3959   2.085
 3960   2.106
 3961   2.115
 3962   2.145
 3963   2.173
 3964   2.111
 3965   2.083
 3966   2.202
 3967   2.140
 3968   2.207
 3969   2.167
 3970   2.210
 3971   2.234
 3972   2.196
 3973   2.150
 3974   2.051
 3975   2.149
 3976   2.140
 3977   2.135
 3978   2.139
 3979   2.062
 3980   2.146
 3981   2.122
 3982   2.110
 3983   2.120
 3984   2.189
 3985   2.138
 3986   2.205
 3987   2.214
 3988   2.181
 3989   2.250
 3990   2.258
 3991   2.230
 3992   2.134
 3993   2.186
 3994   2.256
 3995   2.232
 3996   2.269
 3997   2.216
 3998   2.197
 3999   2.218
 4000   2.178
 4001   2.231
 4002   2.208
 4003   2.153
 4004   2.125
 4005   2.174
 4006   2.140
 4007   2.172
 4008   2.174
 4009   2.217
 4010   2.105
 4011   2.175
 4012   2.130
 4013   2.153
 4014   2.065
 4015   2.159
 4016   2.109
 4017   2.133
 4018   2.133
 4019   2.116
 4020   2.084
 4021   2.039
 4022   2.125
 4023   2.098
 4024   2.161
 4025   2.088
 4026   2.048
 4027   2.125
 4028   2.055
 4029   2.126
 4030   2.145
 4031   2.074
 4032   2.049
 4033   2.100
 4034   2.085
 4035   2.074
 4036   2.098
 4037   2.097
 4038   2.050
 4039   2.124
 4040   2.083
 4041   2.072
 4042   2.033
 4043   2.094
 4044   2.070
 4045   2.132
 4046   2.128
 4047   2.214
 4048   2.171
 4049   2.190
 4050   2.199
 4051   2.210
 4052   2.174
 4053   2.162
 4054   2.146
 4055   2.187
 4056   2.185
 4057   2.162
 4058   2.188
 4059   2.128
 4060   2.137
 4061   2.141
 4062   2.182
 4063   2.051
 4064   2.147
 4065   2.173
 4066   2.128
 4067   2.178
 4068   2.224
 4069   2.225
 4070   2.284
 4071   2.241
 4072   2.185
 4073   2.210
 4074   2.262
 4075   2.220
 4076   2.186
 4077   2.184
 4078   2.172
 4079   2.196
 4080   2.227
 4081   2.215
 4082   2.210
 4083   2.166
 4084   2.177
 4085   2.124
 4086   2.195
 4087   2.124
 4088   2.209
 4089   2.180
 4090   2.163
 4091   2.138
 4092   2.071
 4093   2.086
 4094   2.109
 4095   2.063
 4096   1.990
 4097   2.044
 4098   2.165
 4099   2.055
 4100   2.075
 4101   2.159
 4102   2.124
 4103   2.047
 4104   2.105
 4105   2.043
 4106   2.048
 4107   1.993
 4108   2.098
 4109   2.061
 4110   2.040
 4111   1.972
 4112   2.057
 4113   2.049
 4114   2.062
 4115   2.053
 4116   2.158
 4117   2.151
 4118   2.071
 4119   2.068
 4120   2.053
 4121   2.053
 4122   2.084
 4123   2.068
 4124   2.091
 4125   2.134
 4126   2.147
 4127   2.152
 4128   2.147
 4129   2.165
 4130   2.198
 4131   2.188
 4132   2.128
 4133   2.145
 4134   2.133
 4135   2.219
 4136   2.242
 4137   2.103
 4138   2.117
 4139   2.145
 4140   2.134
 4141   2.125
 4142   2.123
 4143   2.135
 4144   2.100
 4145   2.154
 4146   2.164
 4147   2.133
 4148   2.095
 4149   2.122
 4150   2.170
 4151   2.218
 4152   2.155
 4153   2.168
 4154   2.186
 4155   2.157
 4156   2.170
 4157   2.065
 4158   2.069
 4159   2.062
 4160   2.051
 4161   2.032
 4162   2.026
 4163   2.017
 4164   1.991
 4165   2.109
 4166   2.085
 4167   2.054
 4168   1.997
 4169   2.094
 4170   2.057
 4171   2.088
 4172   2.074
 4173   2.030
 4174   2.119
 4175   2.076
 4176   2.153
 4177   2.177
 4178   2.143
 4179   2.204
 4180   2.147
 4181   2.195
 4182   2.185
 4183   2.202
 4184   2.185
 4185   2.213
 4186   2.213
 4187   2.239
 4188   2.272
 4189   2.256
 4190   2.208
 4191   2.277
 4192   2.311
 4193   2.325
 4194   2.283
 4195   2.227
 4196   2.265
 4197   2.221
 4198   2.319
 4199   2.299
 4200   2.334
 4201   2.288
 4202   2.290
 4203   2.244
 4204   2.257
 4205   2.289
 4206   2.299
 4207   2.334
 4208   2.279
 4209   2.300
 4210   2.293
 4211   2.256
 4212   2.186
 4213   2.217
 4214   2.235
 4215   2.308
 4216   2.311
 4217   2.351
 4218   2.240
 4219   2.258
 4220   2.292
 4221   2.276
 4222   2.242
 4223   2.224
 4224   2.220
 4225   2.157
 4226   2.195
 4227   2.218
 4228   2.184
 4229   2.135
 4230   2.175
 4231   2.135
 4232   2.112
 4233   2.126
 4234   2.137
 4235   2.151
 4236   2.181
 4237   2.255
 4238   2.225
 4239   2.250
 4240   2.294
 4241   2.294
 4242   2.357
 4243   2.332
 4244   2.311
 4245   2.272
 4246   2.306
 4247   2.304
 4248   2.279
 4249   2.241
 4250   2.335
 4251   2.314
 4252   2.266
 4253   2.273
 4254   2.415
 4255   2.310
 4256   2.418
 4257   2.382
 4258   2.453
 4259   2.418
 4260   2.367
 4261   2.359
 4262   2.404
 4263   2.370
 4264   2.400
 4265   2.278
 4266   2.337
 4267   2.297
 4268   2.336
 4269   2.395
 4270   2.424
 4271   2.422
 4272   2.378
 4273   2.383
 4274   2.474
 4275   2.510
 4276   2.529
 4277   2.591
 4278   2.628
 4279   2.618
 4280   2.534
 4281   2.528
 4282   2.551
 4283   2.430
 4284   2.475
 4285   2.455
 4286   2.394
 4287   2.399
 4288   2.436
 4289   2.438
 4290   2.428
 4291   2.487
 4292   2.485
 4293   2.466
 4294   2.438
 4295   2.486
 4296   2.556
 4297   2.514
 4298   2.580
 4299   2.583
 4300   2.503
 4301   2.519
 4302   2.469
 4303   2.481
 4304   2.477
 4305   2.497
 4306   2.516
 4307   2.491
 4308   2.456
 4309   2.474
 4310   2.437
 4311   2.387
 4312   2.395
 4313   2.374
 4314   2.320
 4315   2.312
 4316   2.345
 4317   2.328
 4318   2.318
 4319   2.297
 4320   2.327
 4321   2.365
 4322   2.362
 4323   2.446
 4324   2.423
 4325   2.410
 4326   2.383
 4327   2.418
 4328   2.412
 4329   2.493
 4330   2.478
 4331   2.460
 4332   2.390
 4333   2.432
 4334   2.530
 4335   2.481
 4336   2.404
 4337   2.462
 4338   2.475
 4339   2.398
 4340   2.512
 4341   2.576
 4342   2.557
 4343   2.617
 4344   2.558
 4345   2.700
 4346   2.683
 4347   2.730
 4348   2.555
 4349   2.600
 4350   2.653
 4351   2.605
 4352   2.696
 4353   2.681
 4354   2.763
 4355   2.764
 4356   2.780
 4357   2.681
 4358   2.706
 4359   2.730
 4360   2.722
 4361   2.718
 4362   2.705
 4363   2.642
 4364   2.650
 4365   2.497
 4366   2.462
 4367   2.469
 4368   2.463
 4369   2.596
 4370   2.576
 4371   2.509
 4372   2.474
 4373   2.537
 4374   2.587
 4375   2.559
 4376   2.506
 4377   2.381
 4378   2.409
 4379   2.377
 4380   2.361
 4381   2.357
 4382   2.378
 4383   2.402
 4384   2.395
 4385   2.454
 4386   2.388
 4387   2.417
 4388   2.456
 4389   2.471
 4390   2.436
 4391   2.481
 4392   2.436
 4393   2.435
 4394   2.426
 4395   2.385
 4396   2.491
 4397   2.457
 4398   2.469
 4399   2.413
 4400   2.398
 4401   2.490
 4402   2.504
 4403   2.504
 4404   2.475
 4405   2.478
 4406   2.434
 4407   2.557
 4408   2.442
 4409   2.399
 4410   2.379
 4411   2.389
 4412   2.423
 4413   2.434
 4414   2.444
 4415   2.504
 4416   2.518
 4417   2.486
 4418   2.531
 4419   2.493
 4420   2.453
 4421   2.486
 4422   2.610
 4423   2.454
 4424   2.445
 4425   2.535
 4426   2.496
 4427   2.555
 4428   2.570
 4429   2.600
 4430   2.627
 4431   2.544
 4432   2.578
 4433   2.643
 4434   2.540
 4435   2.569
 4436   2.484
 4437   2.463
 4438   2.516
 4439   2.395
 4440   2.382
 4441   2.474
 4442   2.472
 4443   2.512
 4444   2.555
 4445   2.564
 4446   2.502
 4447   2.489
 4448   2.477
 4449   2.468
 4450   2.507
 4451   2.473
 4452   2.450
 4453   2.459
 4454   2.452
 4455   2.395
 4456   2.326
 4457   2.347
 4458   2.467
 4459   2.484
 4460   2.465
 4461   2.440
 4462   2.409
 4463   2.474
 4464   2.444
 4465   2.442
 4466   2.383
 4467   2.384
 4468   2.399
 4469   2.406
 4470   2.453
 4471   2.398
 4472   2.363
 4473   2.477
 4474   2.464
 4475   2.475
 4476   2.490
 4477   2.458
 4478   2.442
 4479   2.418
 4480   2.392
 4481   2.387
 4482   2.454
 4483   2.444
 4484   2.419
 4485   2.404
 4486   2.440
 4487   2.498
 4488   2.471
 4489   2.469
 4490   2.568
 4491   2.457
 4492   2.443
 4493   2.373
 4494   2.456
 4495   2.506
 4496   2.491
 4497   2.539
 4498   2.528
 4499   2.416
 4500   2.448
 4501   2.384
 4502   2.359
 4503   2.283
 4504   2.352
 4505   2.343
 4506   2.308
 4507   2.381
 4508   2.351
 4509   2.342
 4510   2.317
 4511   2.271
 4512   2.331
 4513   2.318
 4514   2.420
 4515   2.435
 4516   2.423
 4517   2.431
 4518   2.469
 4519   2.398
 4520   2.532
 4521   2.565
 4522   2.543
 4523   2.461
 4524   2.451
 4525   2.463
 4526   2.502
 4527   2.542
 4528   2.493
 4529   2.549
 4530   2.514
 4531   2.476
 4532   2.524
 4533   2.552
 4534   2.515
 4535   2.529
 4536   2.459
 4537   2.541
 4538   2.624
 4539   2.573
 4540   2.533
 4541   2.471
 4542   2.461
 4543   2.446
 4544   2.479
 4545   2.488
 4546   2.528
 4547   2.567
 4548   2.616
 4549   2.633
 4550   2.538
 4551   2.577
 4552   2.469
 4553   2.446
 4554   2.427
 4555   2.462
 4556   2.394
 4557   2.429
 4558   2.457
 4559   2.519
 4560   2.568
 4561   2.527
 4562   2.488
 4563   2.494
 4564   2.469
 4565   2.503
 4566   2.437
 4567   2.443
 4568   2.408
 4569   2.433
 4570   2.455
 4571   2.401
 4572   2.477
 4573   2.429
 4574   2.387
 4575   2.369
 4576   2.430
 4577   2.334
 4578   2.357
 4579   2.429
 4580   2.327
 4581   2.346
 4582   2.319
 4583   2.350
 4584   2.291
 4585   2.356
 4586   2.301
 4587   2.314
 4588   2.293
 4589   2.333
 4590   2.385
 4591   2.363
 4592   2.402
 4593   2.320
 4594   2.325
 4595   2.485
 4596   2.485
 4597   2.487
 4598   2.433
 4599   2.430
 4600   2.397
 4601   2.459
 4602   2.449
 4603   2.529
 4604   2.544
 4605   2.498
 4606   2.525
 4607   2.485
 4608   2.495
 4609   2.550
 4610   2.547
 4611   2.478
 4612   2.478
 4613   2.504
 4614   2.451
 4615   2.511
 4616   2.555
 4617   2.502
 4618   2.417
 4619   2.433
 4620   2.362
 4621   2.384
 4622   2.373
 4623   2.396
 4624   2.435
 4625   2.491
 4626   2.565
 4627   2.564
 4628   2.572
 4629   2.677
 4630   2.585
 4631   2.540
 4632   2.557
 4633   2.594
 4634   2.561
 4635   2.498
 4636   2.558
 4637   2.565
 4638   2.533
 4639   2.584
 4640   2.571
 4641   2.495
 4642   2.568
 4643   2.604
 4644   2.557
 4645   2.619
 4646   2.677
 4647   2.798
 4648   2.792
 4649   2.762
 4650   2.733
 4651   2.838
 4652   2.854
 4653   2.852
 4654   2.902
 4655   2.915
 4656   2.730
 4657   2.730
 4658   2.680
 4659   2.764
 4660   2.775
 4661   2.859
 4662   2.860
 4663   2.902
 4664   2.834
 4665   2.761
 4666   2.843
 4667   2.766
 4668   2.760
 4669   2.766
 4670   2.781
 4671   2.861
 4672   2.815
 4673   2.819
 4674   2.794
 4675   2.786
 4676   2.761
 4677   2.720
 4678   2.751
 4679   2.736
 4680   2.682
 4681   2.674
 4682   2.639
 4683   2.627
 4684   2.579
 4685   2.561
 4686   2.659
 4687   2.728
 4688   2.705
 4689   2.703
 4690   2.709
 4691   2.851
 4692   2.827
 4693   2.773
 4694   2.779
 4695   2.785
 4696   2.784
 4697   2.676
 4698   2.663
 4699   2.678
 4700   2.703
 4701   2.759
 4702   2.661
 4703   2.571
 4704   2.627
 4705   2.666
 4706   2.644
 4707   2.700
 4708   2.683
 4709   2.642
 4710   2.667
 4711   2.606
 4712   2.634
 4713   2.647
 4714   2.665
 4715   2.688
 4716   2.631
 4717   2.575
 4718   2.562
 4719   2.512
 4720   2.492
 4721   2.523
 4722   2.548
 4723   2.494
 4724   2.545
 4725   2.533
 4726   2.549
 4727   2.483
 4728   2.574
 4729   2.465
 4730   2.472
 4731   2.571
 4732   2.622
 4733   2.538
 4734   2.531
 4735   2.601
 4736   2.522
 4737   2.488
 4738   2.502
 4739   2.473
 4740   2.548
 4741   2.557
 4742   2.485
 4743   2.613
 4744   2.542
 4745   2.448
 4746   2.459
 4747   2.420
 4748   2.402
 4749   2.339
 4750   2.386
 4751   2.432
 4752   2.504
 4753   2.543
 4754   2.602
 4755   2.528
 4756   2.514
 4757   2.538
 4758   2.605
 4759   2.550
 4760   2.619
 4761   2.592
 4762   2.578
 4763   2.624
 4764   2.554
 4765   2.679
 4766   2.749
 4767   2.713
 4768   2.799
 4769   2.710
 4770   2.637
 4771   2.672
 4772   2.648
 4773   2.649
 4774   2.613
 4775   2.649
 4776   2.573
 4777   2.618
 4778   2.551
 4779   2.600
 4780   2.627
 4781   2.564
 4782   2.478
 4783   2.525
 4784   2.507
 4785   2.492
 4786   2.474
 4787   2.531
 4788   2.546
 4789   2.455
 4790   2.456
 4791   2.491
 4792   2.519
 4793   2.525
 4794   2.562
 4795   2.613
 4796   2.676
 4797   2.596
 4798   2.594
 4799   2.632
 4800   2.586
 4801   2.548
 4802   2.426
 4803   2.556
 4804   2.521
 4805   2.516
 4806   2.461
 4807   2.461
 4808   2.492
 4809   2.483
 4810   2.523
 4811   2.604
 4812   2.557
 4813   2.573
 4814   2.567
 4815   2.601
 4816   2.569
 4817   2.579
 4818   2.592
 4819   2.518
 4820   2.517
 4821   2.476
 4822   2.494
 4823   2.542
 4824   2.486
 4825   2.436
 4826   2.366
 4827   2.369
 4828   2.409
 4829   2.396
 4830   2.444
 4831   2.426
 4832   2.352
 4833   2.459
 4834   2.503
 4835   2.563
 4836   2.569
 4837   2.582
 4838   2.518
 4839   2.603
 4840   2.588
 4841   2.494
 4842   2.517
 4843   2.520
 4844   2.513
 4845   2.531
 4846   2.518
 4847   2.559
 4848   2.637
 4849   2.618
 4850   2.614
 4851   2.609
 4852   2.595
 4853   2.694
 4854   2.773
 4855   2.653
 4856   2.664
 4857   2.644
 4858   2.533
 4859   2.524
 4860   2.521
 4861   2.441
 4862   2.465
 4863   2.380
 4864   2.404
 4865   2.401
 4866   2.427
 4867   2.400
 4868   2.486
 4869   2.476
 4870   2.568
 4871   2.608
 4872   2.519
 4873   2.568
 4874   2.508
 4875   2.458
 4876   2.466
 4877   2.481
 4878   2.415
 4879   2.402
 4880   2.352
 4881   2.265
 4882   2.338
 4883   2.276
 4884   2.255
 4885   2.358
 4886   2.365
 4887   2.395
 4888   2.363
 4889   2.386
 4890   2.439
 4891   2.442
 4892   2.456
 4893   2.374
 4894   2.403
 4895   2.456
 4896   2.474
 4897   2.450
 4898   2.355
 4899   2.328
 4900   2.394
 4901   2.452
 4902   2.436
 4903   2.482
 4904   2.505
 4905   2.390
 4906   2.404
 4907   2.483
 4908   2.544
 4909   2.432
 4910   2.523
 4911   2.470
 4912   2.527
 4913   2.583
 4914   2.584
 4915   2.556
 4916   2.430
 4917   2.461
 4918   2.430
 4919   2.463
 4920   2.468
 4921   2.451
 4922   2.445
 4923   2.479
 4924   2.488
 4925   2.454
 4926   2.440
 4927   2.448
 4928   2.476
 4929   2.463
 4930   2.415
 4931   2.405
 4932   2.379
 4933   2.431
 4934   2.455
 4935   2.513
 4936   2.541
 4937   2.553
 4938   2.601
 4939   2.656
 4940   2.609
 4941   2.573
 4942   2.479
 4943   2.567
 4944   2.528
 4945   2.543
 4946   2.547
 4947   2.520
 4948   2.545
 4949   2.686
 4950   2.587
 4951   2.671
 4952   2.565
 4953   2.552
 4954   2.541
 4955   2.513
 4956   2.467
 4957   2.550
 4958   2.455
 4959   2.463
 4960   2.540
 4961   2.589
 4962   2.473
 4963   2.501
 4964   2.534
 4965   2.543
 4966   2.553
 4967   2.535
 4968   2.515
 4969   2.499
 4970   2.468
 4971   2.533
 4972   2.511
 4973   2.502
 4974   2.492
 4975   2.515
 4976   2.487
 4977   2.591
 4978   2.545
 4979   2.516
 4980   2.501
 4981   2.527
 4982   2.515
 4983   2.581
 4984   2.572
 4985   2.591
 4986   2.546
 4987   2.546
 4988   2.532
 4989   2.478
 4990   2.516
 4991   2.484
 4992   2.587
 4993   2.563
 4994   2.521
 4995   2.512
 4996   2.497
 4997   2.486
 4998   2.492
 4999   2.511

