-2.48311
-3.35851
-1.96546
-0.35
-0.556404
-0.7
-0.677181
-1.05
-2.30647
-2.57332
-2.88397
-1.4
-1.36997
-1.00655
-1.69978
-0
-0.795543
-1.05
-1.63987
-0.7
-0.612472
-0.35
-1.21114
-0
-1.62048
-0.296545
-2.1
-2.78311
-2.13975
-0.939649
-1.13687
-1.05
-0.629193
-1.64003
-1.34828
-1.73698
-1.05
-1.10055
-0.35
-0.7
-0.536079
-2.7297
-3.37435
-2.02953
-3.46129
-0.7
-0
-0.35
-0.49763
-1.87007
-1.75
-1.05
-1.4
-1.75
-2.92175
-2.1
-1.4
-0.623711
-0.709852
-1.39719
-1.32122
-2.56973
-2.99661
-2.05524
-2.39887
-0.35
-0.275963
-1.05
-1.35497
-0.35
-2.74855
-2.74721
-0.739975
-1.14012
-0
-1.31344
-0.35
-2.0871
-2.73194
-2.32101
-1.01581
-0.35
-1.30472
-0.958999
-1.48273
-0.324816
-1.26889
-0.7
-0.35
-0.983542
-0
-0.35
-0.864704
-0.462423
-0.35
-0.683151
-0.305474
-0.7
-1.01641
-1.54586
-2.01635
-3.11534
-2.35989
-0.35
-2.78535
-1.12011
-1.63552
-0.264699
-1.35986
-1.4
-1.53707
-0
-0.433149
-0.981167
-0.640693
-2.45
-2.79741
-3.43689
-1.4
-0
-0.7
-1.99762
-2.1
-0.631425
-0.7
-1.88709
-2.03559
-2.41059
-2.7897
-1.75
-0.937458
-1.26121
-1.55908
-0
-1.00482
-1.36012
-0.35
-1.6417
-1.00601
-0.7
-0.7
-0
-1.05
-1.75
-2.33836
-3.03605
-0.35
-3.02021
-3.321
-0.30895
-0.35
-0.7
-0.35
-0.644182
-0.0982624
-2.52552
-2.89005
-1.47166
-2.31642
-2.31168
-1.71097
-0.872803
-0.659004
-0.7
-0.694437
-1.22699
-3.25164
-1.33493
-2.52827
-0
-1.31314
-1.05
-1.60206
-2.30683
-2.85727
-2.63352
-3.49153
-1.71549
-2.07826
-0.7
-2.1
-1.53186
-3.06808
-2.8
-0.785829
-0.7
-1.00121
-1.99337
-0.874299
-0.7
-2.02169
-3.45
-2.79259
-2.14599
-3.10883
-0.671198
-1.05
-0
-2.71331
-3.2778
-1.74131
-0.7
-1.90922
-1.72676
-2.28107
-0.611259
-2.66732
-3.44873
-3.30563
-3.08916
-2.69468
-1.35059
-1.39813
-0.35
-3.17011
-0
-0.35
-1.03386
-0.492507
-1.37116
-1.65183
-1.05
-0.687028
-0.7
-1.35258
-2.04686
-0.849346
-0.761523
-0.287617
-1.67456
-0
-2.74404
-1.75
-1.98069
-2.39429
-2.33575
-3.47772
-3.22406
-3.25434
-1.72295
-1.72639
-2.1
-0.35
-0.930412
-0.97251
-1.63132
-1.28928
-2.98728
-2.63139
-2.76814
-2.95993
-1.05
-1.39234
-1.75
-2.94509
-3.06227
-1.05
-2.89083
-2.04241
-0.35
-0.987364
-0.56797
-0.516993
-1.26014
-3.46669
-2.60191
-0.35
-3.23539
-1.13702
-0
-0.748816
-0.431187
-2.28799
-2.67409
-1.6557
-1.54046
-0.551923
-1.39597
-0.35
-0.7
-0.7
-1.05
-1.24299
-1.37098
-0.306133
-0.35
-1.00208
-1.39385
-0
-1.05
-1.4
-2.9003
-0.68112
-1.92765
-1.37344
-2.30479
-0.7
-2.59247
-1.82422
-0.401321
-1.4
-1.70966
-0.7
-1.69603
-2.11218
-2.19356
-2.39284
-1.99083
-0.7
-1.72432
-1.90266
-2.1
-1.80436
-2.45
-2.65125
-1.4
-2.57392
-2.09319
-2.43602
-2.8
-1.75
-1.31131
-2.34583
-3.21459
-2.40664
-3.18108
-2.38594
-2.7088
-1.14329
-2.17748
-1.75
-2.08317
-2.73812
-3.32828
-2.34743
-1.72837
-2.1
-1.99392
-0.671825
-1.85549
-0.58291
-1.6581
-0.649172
-0.348737
-0.249107
-1.4
-1.52259
-2.9214
-3.15201
-2.60561
-2.69394
-1.64966
-1.21966
-1.34382
-0.424982
-2.60776
-2.2058
-0.595659
-0.697463
-1.9796
-1.05
-1.39866
-1.80308
-0.35
-2.25031
-1.75
-2.68804
-2.71535
-1.2995
-0
-0.7
-2.29195
-1.68802
-1.05
-1.31117
-2.45
-2.03128
-2.36058
-2.35135
-2.43429
-2.23028
-2.88359
-1.05
-1.65719
-0
-1.28398
-0.857505
-1.6619
-1.72207
-0.688416
-2.28963
-1.03573
-3.05867
-1.03049
-0
-0
-1.7213
-2.56256
-2.07059
-2.1
-1.02214
-2.1
-1.37341
-1.27172
-1.03185
-3.3383
-1.04909
-0.35
-1.29637
-0
-0.35
-0.99587
-0
-1.13265
-3.46772
-1.31726
-1.72803
-2.3116
-2.97256
-3.05486
-1.33333
-0.35
-0.275825
-0.35
-1.3636
-3.35145
-2.40608
-2.30998
-2.80848
-2.326
-1.37296
-1.03314
-0.7
-2.1
-0.35
-0.7
-2.77766
-2.29568
-1.05
-1.31227
-0.987455
-1.05
-1.75
-1.75
-0.927244
-3.47156
-1.61556
-0.7
-1.80048
-0.7
-1.75
-2.31478
-2.36324
-2.85991
-2.75903
-2.52509
-0.930897
-0.537078
-2.72186
-2.32813
-3.49476
-2.42401
-2.57197
-2.00887
-0.7
-1.75
-0.864981
-2.1966
-0
-0.7
-0.35
-0.669709
-0.307691
-0.34292
-0.630489
-0.855788
-0.35
-0
-1.13654
-1.36474
-0.35
-0.580426
-0.790423
-3.00484
-2.37475
-2.58084
-0
-0
-1.4
-2.03214
-1.94286
-1.0391
-0.35
-1.08848
-0.338374
-1.64731
-1.4
-1.93412
-0.7
-3.47727
-2.76728
-1.75
-1.13651
-1.01086
-0.687501
-1.09477
-0.97264
-1.4
-0
-0.35
-1.32628
-1.01115
-1.36795
-2.0468
-0.784803
-1.37668
-1.05
-1.74027
-1.71323
-0
-1.00581
-0.7
-0.7
-1.68003
-3.37604
-2.94927
-1.72183
-0
-1.33549
-2.42956
-0.7
-3.36781
-0.7
-0.903819
-0.35
-0.308966
-1.55872
-0.38989
-2.98442
-2.7465
-1.47299
-0.7
-1.05
-2.46593
-2.0277
-2.51077
-1.33717
-0.907552
-0.35
-0
-2.04126
-0.837446
-2.78384
-3.07676
-0.265044
-0.161411
-1.05
-0
-0.97272
-0.35
-0.536152
-0.620063
-2.07951
-1.68902
-1.00544
-1.62678
-0
-0
-0.663814
-0.645902
-1.56155
-1.05
-2.35865
-0.35
-0.35
-1.39424
-0.7
-0.35
-0.7
-1.45929
-0.7
-0.855456
-1.69298
-2.07446
-1.0285
-0
-1.05
-1.05
-1.05
-1.34979
-1.4
-1.05
-2.04496
-0
-2.79135
-1.38934
-0.561344
-0.697802
-0.335122
-0.94678
-1.4
-1.76122
-2.58328
-1.4
-3.43557
-2.1
-2.95451
-2.02992
-0.643589
-1.5396
-0.7
-2.2665
-0
-2.09169
-0
-3.15
-1.71535
-2.75834
-2.8
-1.05
-0.875268
-0.97028
-2.70052
-2.02631
-1.05
-2.0475
-3.11201
-3.12072
-1.38043
-1.4
-0.659721
-2.2521
-0.570988
-0.648413
-1.92087
-1.05
-2.04261
-0.35
-0.632081
-1.42083
-2.94287
-2.37353
-1.03869
-2.76518
-1.32725
-0
-0
-0.631436
-0.7
-0
-0
-1.01496
-1.7567
-1.57596
-0.35
-0.995065
-0.35
-0.35
-1.54519
-0
-0.720123
-3.01941
-1.05
-0.688703
-1.37944
-2.88175
-1.66128
-1.77101
-0.895799
-0.7
-1.05
-1.35302
-0.7
-2.1
-2.03849
-0.794855
-1.74216
-1.04487
-0
-1.05
-0.688111
-2.40656
-0
-0.35
-0.945491
-0.250313
-0
-3.06817
-2.74264
-1.4
-0.35
-0.647409
-3.06576
-0.7
-0.7
-0.968332
-1.807
-1.03838
-1.67362
-1.12755
-0.273406
-1.60113
-0.962196
-0.486169
-2.21731
-2.79281
-1.73779
-0.946905
-0
-1.24526
-2.45
-2.73215
-3.36738
-2.1
-0.671298
-0.35
-0.35
-1.02629
-1.69459
-0.897765
-2.3894
-2.39303
-2.35829
-2.61888
-2.33654
-3.41743
-1.65401
-0.835992
-0
-0.314379
-0.7
-1.58047
-0
-0.7
-0.324868
-1.4
-1.68413
-0.933078
-1.33096
-0
-2.76664
-0.630885
-0.882436
-1.05
-2.61634
-1.36762
-2.6623
-0.689284
-0
-1.39707
-1.05
-2.00393
-1.69281
-2.37368
-2.40807
-3.36266
-0.64353
-0
-1.53525
-0.35
-1.73447
-1.05
-0.35
-1.05
-0.35
-0.35
-1.98771
-1.82898
-3.07501
-2.07986
-0.7
-2.52592
-3.16021
-0
-1.02583
-1.00833
-0.686765
-0
-0.611291
-0.7
-2.03455
-3.05093
-2.57452
-1.89335
-0.0378224
-0.913823
-0.879682
-0
-2.35559
-2.08084
-2.72147
-2.54801
-2.1
-1.7595
-0.35
-2.01277
-2.37936
-1.12403
-0.35
-1.97515
-0
-1.64837
-0.817053
-0.401352
-2.89692
-1.3634
-0.634182
-0.279009
-1.49373
-3.10064
-3.0336
-0.651586
-2.08538
-0.416996
-1.80014
-2.1
-1.05
-1.07388
-1.33196
-2.95284
-3.01654
-2.09249
-1.73708
-2.99279
-2.0923
-2.8
-1.92067
-1.39374
-1.66683
-2.28797
-3.15
-0.692963
-0.35
-0.238634
-0.7
-1.26273
-0.35
-1.4
-1.05
-2.55932
-1.64367
-0
-0.7
-0
-0.655663
-0
-0.674129
-0.35
-0
-0.209895
-1.77904
-3.31049
-1.91396
-3.0277
-3.22797
-2.04162
-0.949469
-1.05
-0
-0.7
-1.74564
-0
-0.550386
-1.60626
-1.36625
-1.37038
-2.09879
-2.31525
-3.05037
-2.06604
-2.44059
-0.602406
-0.35
-0
-1.75
-0.35
-1.51343
-0.639278
-1.52932
-1.05
-0.35
-1.59697
-3.33306
-1.4
-1.44487
-0.35
-0.980095
-1.33988
-1.64197
-2.1641
-1.94391
-3.15
-3.35252
-2.45
-1.99884
-1.28097
-2.71213
-0.994619
-2.99915
-0.982873
-2.53732
-3.13952
-3.48304
-1.6343
-3.06097
-2.45
-2.75607
-2.88174
-2.28283
-0.7
-0.987374
-2.26876
-0.35
-0.636014
-0.688491
-1.05
-0
-0
-0.35
-0.35
-0.6272
-0.35
-2.33649
-2.60608
-2.1
-1.25454
-1.33427
-1.0412
-0
-0.7
-0.988162
-0.35
-2.30866
-1.43253
-1.36588
-0.35
-1.4
-1.63786
-2.1
-2.84614
-1.68415
-1.32328
-0.672752
-2.67564
-2.35344
-3.5
-2.1
-2.74965
-1.01128
-1.29881
-1.72238
-1.64903
-0.387276
-0.7
-0.7
-1.37165
-0.35
-2.16497
-1.12897
-1.75
-3.10719
-3.0236
-0
-1.29687
-0.868046
-0.691099
-0.35
-2.15042
-1.85785
-1.7837
-0.7
-1.78869
-0.35
-0
-1.29631
-2.63437
-3.47919
-1.60541
-3.32618
-3.41621
-1.96709
-0.35
-0.302526
-2.624
-2.30433
-3.15561
-3.11649
-0.728751
-3.42528
-2.62453
-0.851137
-2.26634
-1.98783
-1.38568
-0.629297
-1.15616
-0.7
-0
-0.81197
-0.35
-2.41209
-2.38861
-3.0907
-0.961949
-2.38283
-1.00537
-0.629486
-1.05
-1.18181
-1.66898
-3.04217
-1.16895
-0.35
-0.956222
-3.14264
-3.10672
-2.45
-3.0281
-0.35
-1.04136
-2.4461
-2.44085
-1.4
-0.672214
-0.880045
-1.27176
-2.41279
-1.24041
-0.7
-0
-2.09293
-0
-0.984426
-1.00597
-0.468998
-0
-0.35
-0.999851
-0.35
-0.35
-0.322673
-1.07532
-1.34949
-1.4438
-0.681894
-1.35931
-0.425619
-1.59135
-3.40032
-1.05
-2.33994
-1.89531
-1.37189
-0
-1.33705
-1.31199
-0
-0
-0.35
-0.7
-0.323082
-2.09375
-0.345559
-2.63033
-1.53926
-0.337633
-0.782766
-0.898904
-0.35
-0.348396
-1.8789
-2.07764
-1.28866
-1.05
-2.20588
-0.35
-0.7
-2.71027
-1.73711
-2.1
-2.35568
-0.349441
-2.38382
-1.75
-2.28669
-1.87638
-0.7
-1.3566
-1.35741
-1.43678
-2.11577
-1.73825
-1.05
-0.740509
-1.10331
-2.95499
-1.65031
-1.26196
-1.66295
-1.40413
-0.892542
-0.7
-1.33981
-1.16839
-2.43155
-0
-1.4
-1.05
-0.7
-1.32842
-0
-0.385059
-1.60377
-0.663937
-0
-1.48079
-2.1
-2.17959
-0.97266
-2.44272
-2.31675
-2.87924
-1.95618
-1.34694
-0
-2.43767
-0.7
-0.35
-1.08457
-1.29404
-0.266362
-0.65916
-0
-1.05
-3.13494
-1.54441
-1.13217
-1.86334
-0.7
-1.37657
-3.32835
-1.05465
-0
-0.961427
-0.35
-1.05
-1.75
-1.4
-1.4855
-1.35924
-0
-0.326372
-1.92342
-2.96894
-1.0032
-0.643715
-2.92811
-1.57673
-2.42861
-2.36339
-1.38455
-2.33797
-2.00776
-0.7
-0.35
-0.35
-1.05
-0
-3.08148
-0.126629
-1.4
-1.87269
-0
-0.320364
-0.35
-2.44853
-0.7
-1.6426
-0.7
-0.699926
-1.10537
-1.51197
-0
-3.13218
-2.77977
-1.29566
-0.35
-1.09675
-2.16998
-2.6659
-3.04698
-0.649136
-1.04412
-1.64817
-1.64803
-3.11733
-1.6704
-3.0954
-1.69018
-1.68046
-1.08438
-2.02841
-0.35
-1.14381
-0
-2.2597
-2.07844
-0.683943
-0.337915
-1.03672
-0.420811
-2.42738
-1.4
-0
-0.641813
-1.76577
-2.65079
-1.25672
-1.73121
-2.1
-3.08163
-1.23675
-2.05092
-0
-1.03679
-3.34626
-3.4071
-2.31354
-0
-0.7
-0
-0.7
-1.72989
-1.05
-1.36373
-1.38091
-1.84424
-2.62544
-1.17486
-0.295885
-1.56872
-1.86353
-1.4
-1.05
-1.51562
-1.05
-1.68339
-1.34431
-2.09873
-1.99215
-1.72599
-3.42678
-3.0324
-1.75
-1.69995
-2.88232
-1.73657
-1.1963
-2.36322
-2.44973
-2.75039
-1.05
-2.95781
-2.36513
-1.39749
-0.35
-0.35
-0.7
-0.240427
-3.02728
-1.4757
-1.37979
-1.28864
-2.6848
-2.53651
-3.12099
-2.97403
-1.05
-1.05
-0.655227
-0.375821
-0.790734
-2.66929
-0
-1.56307
-1.05
-0.35
-2.98055
-2.02169
-1.13039
-3.48508
-3.31176
-1.30638
-2.93787
-1.87946
-3.30067
-3.30244
-0
-1.6284
-0.990351
-1.36246
-2.55552
-0.969794
-1.488
-2.13334
-1.74823
-2.0611
-2.86501
-1.65778
-1.46742
-2.34088
-2.70674
-3.45643
-2.29799
-0
-0.858298
-2.11746
-1.99509
-0
-1.12919
-1.00495
-2.96036
-3.10565
-1.4
-1.72058
-1.02552
-2.04705
-1.05
-0
-1.03635
-0.602459
-0.7
-1.40917
-0.984494
-0.996799
-2.09001
-2.1
-1.72096
-2.33392
-0.647428
-1.4
-2.03307
-1.37953
-2.4439
-2.45
-2.94848
-2.1
-0.935254
-3.47866
-1.95671
-0.635118
-0.7
-1.4
-0.335105
-1.05
-0
-1.69602
-0.960939
-0.328247
-1.28254
-0
-1.68067
-1.05
-0.555667
-0.35
-0
-1.05
-1.05
-1.05
-1.4
-3.4659
-2.45
-2.4154
-2.10753
-2.64392
-1.69914
-1.54754
-0.331625
-0.661832
-1.27479
-1.97801
-0.603968
-1.30253
-1.4
-2.71186
-2.43855
-1.56059
-0
-0.35
-0.677143
-0.333891
-2.03374
-0.539242
-2.44772
-2.46925
-0.652152
-0.35
-1.34248
-3.13891
-2.38633
-0.35
-0.724381
-3.11272
-0.35
-0.7
-0.627311
-0.35
-1.23177
-3.1777
-1.2073
-2.77981
-1.05
-3.11923
-2.78658
-1.20593
-1.05
-0.341502
-0.911365
-1.98889
-0.280656
-1.33648
-0.674783
-0.394616
-1.08048
-0.35
-3.15498
-0.7
-0
-0.565887
-0.330664
-0.579662
-0.7
-1.25281
-2.1
-1.87119
-1.20603
-0.35
-1.4
-2.01599
-2.89144
-2.07198
-0.573456
-2.03996
-1.4
-0.35
-1.21873
-1.35944
-2.24175
-0
-2.75893
-1.82627
-3.10804
-1.01442
-1.007
-0.998643
-1.6855
-1.4
-2.36883
-1.05
-1.7118
-0.99123
-0.625445
-0.91367
-0.7
-2.44179
-1.944
-0
-0.942357
-0.7
-1.02423
-1.32132
-2.1
-2.1
-2.03284
-0.35
-2.40208
-2.03816
-0.7
-3.42334
-2.13149
-0.35
-1.30734
-1.45808
-2.97542
-1.89488
-1.4
-0.35
-0.348649
-0.35
-1.4
-2.04716
-2.0787
-1.4
-1.22306
-3.18106
-2.03752
-2.1
-1.69016
-2.78799
-3.34922
-3.33774
-0.947064
-1.49921
-0.655701
-0
-1.13145
-0.341904
-0.7
-1.74154
-1.4
-1.01784
-3.26522
-2.09039
-2.68228
-1.94746
-1.0156
-2.06103
-2.42215
-1.55169
-1.72859
-2.01262
-1.36844
-1.02519
-2.79348
-2.38702
-1.0847
-1.92271
-2.38694
-2.30643
-3.31108
-0.672197
-1.72096
-1.85356
-0.35
-1.05
-0.638558
-1.4
-1.9378
-0
-0.850387
-1.4
-0.896913
-1.69011
-2.00584
-2.04346
-1.36733
-1.72098
-0.7
-2.00941
-1.91759
-3.01346
-3.46064
-0.689515
-3.36504
-2.18234
-0.697083
-0
-2.38411
-3.10236
-3.23267
-2.16595
-1.4
-1.46388
-0
-0.7
-1.22213
-0.7
-0.307668
-0
-1.69408
-0.693351
-1.75
-1.98527
-1.706
-2.41557
-1.66032
-0.976451
-1.82428
-0.7
-0.335466
-1.9162
-1.75
-0.7
-2.43907
-2.80106
-0.598379
-0.35
-0.35
-0.35
-1.4
-0
-1.4
-1.98043
-1.34711
-1.67541
-3.14337
-2.34239
-2.84085
-1.39613
-2.02682
-2.317
-1.27813
-2.02109
-1.75
-3.30305
-3.27069
-2.39922
-1.35093
-0
-1.32351
-1.39668
-0.687672
-0.35
-1.08985
-0.644151
-1.4
-0
-1.61277
-0.412036
-0.340701
-1.05
-0.35
-1.05
-2.33472
-0.627775
-0.35
-0.662204
-2.30638
-1.03437
-0.35
-0.35
-0.688551
-0.35
-0
-1.05
-0.735037
-0.42548
-1.4
-0.560014
-0.941901
-0.328197
-0.880629
-2.06973
-2.77582
-1.2864
-2.26227
-0
-2.08336
-0.991502
-1.4
-0.674369
-2.8
-1.90178
-0.35
-0.98475
-2.44011
-1.72543
-1.91223
-2.51492
-2.09202
-1.35943
-0.637139
-1.05
-1.03291
-1.04666
-1.08781
-2.56454
-0.679025
-0.7
-0.772437
-0.156173
-0.437223
-0.862318
-1.76167
-0.761133
-1.66269
-0.7
-1.38453
-0
-1.05
-1.81963
-2.1
-1.23602
-0.357158
-0.7
-0.7
-1.00118
-1.67964
-0
-0.7
-1.05
-0
-0.35
-1.71773
-2.43212
-0
-0
-1.74948
-0.499045
-1.93449
-2.45
-2.00553
-0.7
-0.7
-2.79219
-2.55069
-1.52268
-0.35
-0.7
-1.48951
-2.79108
-2.40839
-0.7
-0
-1.00229
-1.89679
-1.39831
-1.73679
-1.05
-2.02389
-0
-1.02842
-1.04112
-1.05
-2.18589
-2.49464
-0.35
-0
-0.677629
-0.330749
-0
-1.00643
-1.90768
-1.32736
-0.35
-0.259706
-1.55585
-1.95461
-0.696293
-0
-1.3164
-1.43106
-0.890951
-1.15516
-1.72017
-1.02519
-1.80552
-0.35
-0.7
-0.931848
-2.5323
-0.301633
-0.952069
-1.232
-1.73357
-0.7
-0.7
-0
-1.46551
-1.4
-1.44946
-1.4
-0.613915
-2.8
-2.08167
-2.35201
-2.44432
-0
-0.7
-0.687388
-1.93199
-1.82135
-1.35517
-0
-0.7
-0.7
-2.65501
-0.686448
-0
-0.35
-1.05
-2.35463
-0.384988
-0.7
-0.35
-0.987025
-0.35
-1.05
-1.55178
-0
-0.7
-0.547424
-0.7
-0.494404
-2.53374
-1.60358
-2.10701
-0.88994
-1.64759
-0.35
-1.75002
-1.99836
-0.65389
-1.2865
-1.02284
-2.74268
-0.818915
-2.18485
-1.61493
-2.85154
-2.7427
-1.95831
-2.24024
-1.72918
-2.655
-2.93752
-2.29274
-1.75
-2.39232
-1.57925
-1.17436
-0.41513
-2.83725
-0.7
-0.676407
-0.605998
-1.14558
-1.01516
-2.84776
-2.15505
-3.36631
-1.63992
-0.7
-2.30594
-0.572092
-2.36392
-1.18352
-0.8106
-1.59325
-1.02148
-1.11804
-0.753229
-1.38386
-2.47989
-2.32115
-1.79727
-1.39032
-0
-0.7
-0.7
-1.50476
-1.35463
-2.92268
-1.31157
-2.68173
-3.39404
-1.43091
-1.67516
-2.65546
-0.341423
-0.7
-1.72399
-3.44144
-3.02278
-2.44803
-1.30886
-0.798895
-0.343411
-1.75
-0
-1.36658
-1.05
-0.65149
-0.750839
-0.7
-1.15173
-0.35
-0.779537
-0.698174
-1.37031
-2.5064
-2.28847
-1.27361
-1.2659
-0
-1.3848
-0.910734
-2.76235
-2.94899
-0.658847
-2.29953
-2.64953
-0.306164
-1.42869
-0.818411
-1.15356
-0
-0
-0
-1.07678
-0.7
-0.35
-1.05
-0.77597
-3.32803
-2.21221
-1.37385
-0
-1.48833
-3.24613
-2.08374
-0.27746
-0.35
-2.01862
-1.7091
-2.03422
-1.68422
-0.954745
-0.7
-1.4
-1.75
-0.7
-0.35
-1.2149
-1.18166
-2.43459
-1.74878
-1.67646
-0.94771
-2.59245
-2.24893
-0.923484
-1.65825
-3.27332
-1.4
-0.7
-0
-0.35
-2.04148
-1.05
-2.62296
-0.555364
-1.65861
-1.27911
-0.585391
-1.38436
-1.79075
-1.65328
-1.05
-1.99562
-2.69802
-2.35678
-0.7
-0.991707
-1.99658
-2.59655
-2.39528
-2.04575
-3.01227
-2.28222
-1.05
-1.59007
-1.99244
-0
-1.05
-0.35
-2.94761
-2.8
-2.74175
-2.7378
-0.7
-0.7
-0.35
-2.2808
-1.67571
-1.97216
-1.66075
-0.756101
-3.01774
-2.02029
-1.75
-2.96624
-2.41296
-3.39797
-3.24347
-2.33653
-2.30556
-1.5798
-1.28075
-0.35
-0
-1.68453
-1.33082
-1.3519
-0.35
-3.42792
-3.30924
-3.0521
-2.39248
-2.66493
-2.35058
-1.54341
-1.5225
-0
-1.39436
-2.69456
-2.8
-1.04194
-2.31824
-2.53286
-2.75197
-0.438496
-1.01155
-0.7
-3.22207
-2.74062
-2.8534
-0.7
-1.05
-0.912164
-0.796749
-0.7
-1.69763
-1.05
-2.19572
-1.75
-0
-2.32203
-2.04116
-1.75
-0.448362
-1.35657
-2.09575
-0.35
-2.60659
-2.36593
-3.0295
-3.27276
-2.58693
-1.34315
-1.60512
-2.38296
-1.48737
-1.17096
-2.41502
-2.6323
-0
-1.4
-0.35
-2.1381
-2.60229
-0.7
-0.442172
-1.75
-3.34006
-1.0441
-0.35
-1.54925
-2.773
-1.32648
-0
-1.36838
-2.08807
-1.3445
-0.35
-1.05
-0.69503
-0.35
-0.35
-1.37214
-1.39509
-0.7
-1.05
-2.24096
-2.43994
-1.88096
-0
-1.4
-2.30639
-2.82548
-1.59571
-1.30978
-0.64705
-3.10289
-2.47314
-2.00077
-2.78395
-2.45
-2.9602
-0.694857
-2.22177
-2.27002
-0.537762
-1.4
-0
-1.10869
-0.634682
-0.35
-1.65271
-0.7
-1.80031
-0.610628
-1.36089
-0.482639
-0.953128
-1.32711
-0.701022
-1.01942
-1.26415
-1.98434
-2.04286
-2.06915
-1.53523
-1.85462
-1.27808
-0.7
-1.97621
-1.36969
-0.922685
-1.91578
-2.29106
-1.20706
-0.7
-0.486947
-1.05
-1.71544
-2.6848
-0.329537
-0.7
-0.7
-1.05
-0
-0.698174
-2.02708
-0.927364
-0.191213
-1.27311
-1.52053
-3.131
-0.512798
-1.65222
-3.12981
-2.75864
-0.893158
-0.940946
-1.45031
-2.77422
-1.63996
-1.2655
-1.70969
-1.05
-0
-1.73599
-1.05
-2.76058
-3.08833
-2.5382
-2.20333
-2.32669
-2.72221
-1.8654
-0.319464
-0.619705
-2.06036
-0.344137
-0
-0.976616
-1.63162
-1.4
-1.78219
-0.836979
-1.65623
-3.37805
-2.04516
-2.81715
-3.10579
-2.27263
-2.90439
-3.2538
-1.37924
-0.7
-0.969267
-1.36063
-2.97885
-3.14254
-2.55625
-3.33786
-1.74634
-1.05
-0.35
-1.04178
-2.2527
-0.675866
-0.657134
-0.330277
-1.4
-0.35
-0.78243
-0.802913
-1.69596
-0.35
-0
-1.05
-1.4
-2.76968
-3.28195
-2.06381
-1.08546
-0.35
-2.60946
-0.963146
-2.00333
-1.67789
-3.40022
-1.05
-0.951345
-1.3845
-0.299204
-1.4
-2.6309
-2.50203
-3.37153
-2.3933
-2.01053
-1.73009
-1.73342
-1.71773
-0.35
-1.51464
-0.985808
-1.24991
-0.35
-3.50975
-1.93501
-3.21541
-3.02881
-0.35
-3.05164
-1.95017
-0.35
-1.01467
-0.618009
-1.41348
-2.35095
-1.34232
-2.97449
-3.27649
-0.28798
-3.00977
-2.40328
-1.02215
-2.97437
-0.35
-0.876652
-0.35
-1.05
-1.42192
-1.05
-1.68142
-1.64031
-1.53373
-0.660589
-0.35
-2.50219
-0
-0.7
-1.02227
-1.85454
-2.4591
-2.07429
-2.01934
-2.2007
-2.61166
-1.08849
-0.35
-0.593485
-0.945799
-0.293314
-0
-2.78154
-2.24008
-2.07327
-3.24036
-3.07056
-0.7
-0.35
-2.05186
-1.74152
-0.604965
-2.21709
-1.95237
-0.573557
-0.648857
-0
-1.01426
-0.7
-2.43695
-0.210122
-1.54092
-2.06792
-1.37338
-0.35
-0.7
-1.75
-1.92754
-2.89737
-2.01283
-1.88931
-1.64968
-2.57119
-2.13023
-1.05
-0.7
-1.74819
-0.775517
-1.74271
-0.347923
-1.17558
-1.75
-2.52105
-3.40435
-3.40983
-0.7
-2.22952
-0.295506
-1.86196
-2.10606
-0.302985
-0
-0.811196
-1.93233
-0
-1.05523
-1.4
-1.75
-1.75
-2.70784
-3.02259
-1.67698
-0.769141
-0.35
-1.7206
-1.4
-0.333846
-2.39816
-2.42711
-1.51426
-2.91745
-1.48896
-3.46043
-2.43868
-3.08137
-1.4
-0.347748
-1.14526
-0.35
-1.92201
-3.39518
-1.7707
-1.28797
-1.82359
-0.652137
-0.327505
-2.19739
-1.96444
-0.520985
-1.75508
-0.7136
-0.311023
-0.35
-1.03612
-1.4
-1.99508
-2.8
-0.218617
-0
-1.55627
-0.7
-2.66708
-1.69342
-1.27774
-1.2606
-2.02579
-0
-3.40301
-2.31842
-1.98117
-2.28935
-1.61601
-1.63967
-3.03672
-1.68463
-2.32939
-1.30715
-1.71058
-0.35
-1.3362
-0.835361
-0.35
-0
-1.32285
-0.459228
-0
-0.744218
-0.35
-0.601289
-2.14263
-1.4
-2.22355
-1.621
-1.29766
-0.837657
-1.99887
-1.05
-2.26918
-0.7
-0.972689
-0.94794
-3.37879
-2.29754
-1.13147
-1.69245
-1.72242
-1.40753
-0.325848
-2.38438
-2.46267
-1.21651
-1.62315
-1.73281
-1.06053
-1.05
-1.52326
-0.65962
-0.35
-0.35
-1.38215
-2.05
-3.04849
-1.4946
-0.7
-1.64047
-3.02379
-2.66662
-2.25146
-2.45
-2.36812
-2.05336
-2.44108
-1.70951
-1.97465
-2.9555
-1.95632
-1.12948
-1.05598
-1.37868
-1.05
-0
-2.28507
-0.888969
-1.4
-0.0813926
-1.71577
-0.35
-1.16617
-0.892561
-1.36935
-3.39844
-2.36996
-3.42868
-1.38589
-3.29614
-3.43927
-1.7
-1.75
-2.06396
-2.91057
-1.31965
-0.94379
-2.38475
-3.43886
-0.35
-1.05
-0.622643
-1.63179
-1.37358
-3.19114
-2.23424
-0.349748
-2.06653
-1.6809
-1.3919
-0.35
-2.77614
-1.63933
-0
-2.3705
-2.0099
-1.09256
-0.84684
-1.67102
-3.3543
-3.27587
-2.02771
-1.3502
-2.16632
-2.2469
-2.27203
-2.83299
-3.35236
-0.35
-1.73136
-1.95024
-2.42558
-1.75
-1.75
-0.989277
-1.22487
-0
-0.35
-0
-2.92643
-0.681816
-0
-3.15
-2.39286
-1.59153
-0
-0
-1.75
-1.05
-2.07759
-1.67816
-2.99897
-0.905858
-2.04977
-0.7
-1.19247
-2.72272
-1.79375
-1.75874
-1.30943
-1.585
-3.41076
-2.36161
-2.53986
-2.04613
-2.57344
-1.39425
-0.185069
-1.7693
-1.51124
-1.63605
-3.11088
-2.68376
-2.36068
-3.44201
-3.0692
-3.34085
-3.75966
-3.06576
-1.4
-2.33196
-0.7
-0
-1.4
-1.28635
-1.91971
-0.648811
-0.336961
-2.07714
-3.23511
-2.10378
-2.37205
-3.39585
-1.05
-3.26593
-1.02058
-0.660229
-2.30198
-2.97291
-1.92284
-0.7
-0.988867
-0.281276
-1.74368
-2.57628
-1.75
-0.35
-1.02908
-1.72483
-1.53621
-0
-3.14161
-0
-1.03199
-1.64949
-0.947944
-0.35
-1.65186
-1.2181
-0.530003
-0.316591
-1.74182
-1.11869
-1.87634
-2.1
-1.29213
-1.21788
-1.72022
-2.49708
-0.691885
-0.7
-2.76117
-1.4
-0.690385
-1.05
-0.7
-2.99544
-0.662999
-1.3693
-3.3828
-0.31712
-0
-0.613654
-1.05
-1.99719
-1.27038
-0.639635
-0.7
-0.67436
-1.00291
-1.53987
-1.33276
-0.668252
-0.7
-2.07423
-1.70451
-0.7
-0.35
-2.67895
-1.68788
-2.69857
-1.05
-0.35
-1.03309
-0
-2.26876
-1.46715
-0.35
-0.39486
-0.723354
-1.05
-3.06813
-1.24562
-1.98338
-1.70193
-1.75
-2.56242
-1.4
-2.35613
-1.34327
-1.73609
-1.52262
-2.35106
-2.1
-3.5
-0.35
-0
-0.996454
-0.35
-1.05
-3.39731
-1.02854
-0.906413
-0.481443
-1.54072
-3.28748
-0.633145
-1.60653
-2.20795
-3.32371
-0.670555
-0.883615
-0.899008
-2.22348
-1.05
-1.27777
-1.25829
-1.68189
-2.95988
-2.01037
-2.09463
-1.05
-2.82212
-2.31103
-3.08707
-0.35
-0.557576
-1.28611
-2.67442
-1.61081
-2.57526
-2.1
-1.61391
-2.76903
-1.57124
-1.28604
-2.1
-0
-2.29706
-2.00534
-0.648637
-0.35
-0.7
-2.63667
-3.04097
-1.21992
-2.26942
-0.7
-1.6847
-2.93625
-0.86485
-1.05
-1.4
-1.3641
-0.7
-1.299
-0.35
-0.627146
-1.05
-0.377375
-2.17781
-1.35189
-1.05
-0.35
-0.35
-1.32061
-0.35
-0.35
-2.05197
-0.7
-1.05
-1.05
-3.04545
-1.19616
-1.66362
-2.09884
-2.76034
-1.5754
-2.60567
-3.01941
-2.41428
-2.2851
-2.72953
-2.84608
-1.39625
-1.86628
-1.68034
-3.38149
-2.70942
-0.7
-0.35
-1.75
-0.7
-2.74511
-2.13112
-1.98609
-2.03026
-2.34082
-3.19991
-1.74047
-0.737042
-0.910549
-0.797479
-0.799474
-0.35
-1.4598
-1.4
-1.03005
-0.695894
-0.956939
-1.39803
-0.626
-0.67164
-1.33479
-1.63971
-2.26268
-0.7
-1.04144
-0.7
-2.40128
-1.97091
-1.05
-1.85349
-1.2684
-0
-1.58003
-1.36615
-1.45592
-1.90617
-2.46071
-1.36508
-2.45
-0.7
-1.95861
-3.69618
-2.55148
-2.3727
-2.46065
-0.638395
-1.82369
-3.27646
-2.68315
-2.1
-2.59235
-1.69334
-1.75
-1.4
-3.44156
-3.1984
-2.83051
-1.36818
-1.43061
-0.988836
-1.03061
-2.09931
-1.74569
-1.56843
-0
-1.62091
-2.14994
-2.09924
-3.06089
-2.81585
-1.39311
-1.31455
-1.6724
-0.49555
-0.548686
-0.992336
-1.4
-2.28574
-2.00861
-2.1
-3.16875
-2.43804
-0.7
-0.992932
-2.08441
-0.833371
-1.05
-0.838705
-0.35
-0
-1.20347
-0.35
-3.08682
-2.0612
-0.670205
-2.00331
-1.25504
-0.7
-1.35029
-1.4
-2.22902
-0
-0.692845
-1.75
-1.59282
-1.3558
-0.590572
-0.579585
-1.05
-0.314565
-0.7
-3.21071
-1.4
-0.7
-1.32886
-1.6171
-2.68928
-1.80129
-1.83261
-0.35
-0.492035
-1.38985
-1.86251
-1.70957
-1.59331
-1.27799
-1.61202
-1.05
-2.45
-1.03443
-1.63837
-1.3039
-1.05
-1.27129
-1.75
-3.1595
-2.22921
-2.80112
-2.63834
-2.30387
-2.79315
-2.41632
-3.40176
-3.5
-2.69934
-2.41291
-2.42107
-2.40055
-2.98381
-1.67695
-1.32695
-0
-0.39019
-1.10436
-1.42441
-3.02207
-1.4
-2.1
-1.27615
-2.8
-1.55204
-1.4
-1.58912
-2.45
-0.7
-0.612206
-0.35
-0.35
-0.403702
-2.1
-0.966011
-1.05
-1.59566
-1.05
-1.05
-1.89368
-2.74541
-2.20429
-1.62853
-1.4
-2.1
-2.95023
-2.4818
-2.77335
-1.0006
-0
-0.35
-0.968117
-1.99099
-0.997657
-0.422489
-0
-0.504172
-1.05
-0.7
-0.623958
-2.8
-3.03983
-2.27315
-2.72874
-1.05
-0.7
-3.35218
-3.3862
-0.694812
-1.49005
-2.20005
-1.49291
-1.26452
-0.35
-1.4
-2.36566
-2.98709
-3.39671
-3.05566
-3.05855
-0
-0.35
-0.7
-0.7
-1.02231
-1.9939
-1.85909
-1.26614
-0.798549
-1.65244
-0.7
-3.12441
-0.7
-1.69497
-1.47266
-2.1
-1.05
-1.39729
-1.5725
-1.75
-1.60142
-3.5
-2.93973
-2.06184
-0.35
-0
-1.29654
-0.35
-0.35
-1.74227
-2.03215
-1.86823
-0.7
-0.7
-2.04909
-0.460956
-3.12897
-2.1
-1.05
-2.62543
-2.02084
-1.98197
-2.74204
-1.72827
-0.35
-0.635048
-1.36099
-1.05
-0.35
-1.03344
-1.02711
-0.349461
-0
-0.7
-0
-1.27749
-0
-1.05
-1.05
-1.4
-2.00623
-1.75
-1.05
-2.58357
-2.01723
-2.15121
-1.72977
-0
-1.34922
-1.0336
-2.0973
-1.38748
-2.7028
-1.99459
-1.68339
-1.05
-0.204573
-2.2741
-1.04265
-0
-1.05
-0
-0.865634
-1.7761
-0.35
-0.7
-1.4
-1.4
-2.26718
-1.4
-3.44897
-1.75
-3.37219
-1.4
-0.946551
-0
-0.573663
-1.54934
-2.34378
-2.66704
-1.701
-1.54086
-1.00497
-1.9924
-0.781023
-2.55934
-1.30231
-0
-1.67108
-0.854195
-0.628502
-1.4
-2.05943
-1.75
-2.74786
-1.4
-2.42362
-0.125841
-1.05
-1.54945
-1.7348
-0.278655
-2.43019
-0.794977
-2.06739
-2.8
-1.35789
-2.36977
-1.05
-0.35
-2.05874
-0.33785
-2.40879
-1.83327
-1.34817
-0.315563
-1.05
-0.35
-2.06536
-0.35
-2.11038
-1.74251
-1.97914
-1.4
-0
-0.988345
-3.15
-3.35353
-2.3493
-3.01981
-3.04912
-2.71898
-0.953166
-2.59016
-1.03788
-2.1
-3.19036
-1.95716
-3.04612
-2.32072
-0.99742
-2.4828
-0.35
-0
-0.61259
-0
-0.7
-0.379709
-2.92725
-2.69144
-1.4
-2.5078
-2.30966
-1.37851
-3.32133
-3.43004
-2.79997
-2.23631
-1.93487
-2.25814
-1.28542
-0
-2.28526
-2.92802
-2.97101
-0.712295
-2.77744
-1.00312
-3.02536
-3.32282
-2.7981
-1.47081
-0.497329
-1.09186
-1.05
-1.91159
-1.23585
-1.45755
-1.22261
-0.7
-1.50907
-0.35
-1.86032
-0.35
-0.862771
-0.805243
-1.74987
-1.74992
-0.35
-3.1267
-1.05
-1.76654
-0.7
-0.35
-2.29345
-1.55622
-1.03108
-0.651605
-0.7
-0.661705
-1.27222
-0
-0
-0.336597
-0.35
-0.85883
-0.7
-0.35
-1.79543
-0.35
-0.35
-0.35
-0.7
-1.4
-1.75
-1.4
-1.21803
-1.12946
-0.7
-0
-0.7
-0.92937
-1.5915
-2.1
-0.35
-1.48128
-1.73706
-0.35
-0.35
-1.5981
-1.4
-1.58421
-2.62104
-1.73443
-0.286814
-1.85471
-1.4
-3.41462
-2.67037
-2.43342
-2.1
-1.72075
-1.59216
-0.69003
-1.04558
-2.15593
-0.35
-1.97553
-1.4
-0.35
-0.592746
-0.990915
-0.698496
-0.35
-3.12011
-2.03246
-2.05536
-2.58869
-1.05
-0.317909
-1.14966
-1.21851
-0.557201
-0.7
-1.25496
-1.3251
-2.6632
-2.99461
-2.01981
-3.2386
-2.20799
-1.45868
-0.874439
-1.18273
-1.92181
-1.83711
-2.18362
-3.37936
-2.62855
-1.61451
-2.18032
-2.42499
-0.862189
-1.05
-1.02436
-2.0152
-2.43795
-1.05
-0.698438
-1.384
-0.613589
-1.30071
-1.4
-3.06449
-2.45
-1.57976
-3.02823
-3.12203
-2.85232
-1.55513
-3.08446
-0.7
-3.00079
-0.7
-1.00878
-0.318277
-1.4
-0.253554
-0.35
-1.81132
-1.07242
-0
-0.35
-1.75
-0
-2.35429
-2.03536
-3.10202
-0
-1.05
-0.35
-2.65176
-2.18198
-1.60874
-1.39164
-2.7571
-3.02378
-2.38519
-1.05
-0.707261
-1.68792
-0.925665
-0.35
-1.05
-0
-1.73435
-0
-1.33655
-1.38428
-0.7
-2.95479
-3.21833
-3.44488
-1.05
-2.32045
-1.55734
-0.880487
-1.4
-1.39778
-2.71324
-2.51617
-0.689425
-1.37397
-1.90251
-1.05
-0
-1.04591
-0.59799
-0
-0.684848
-2.68444
-2.79494
-2.39259
-2.78558
-1.73752
-2.01902
-0.310193
-0
-1.05
-0.865253
-1.59991
-2.24233
-2.1
-0.350686
-0.664034
-0
-1.39947
-0.341693
-0.35
-0
-1.68376
-3.07183
-1.48246
-1.32662
-1.02293
-0.35
-0.35
-1.57875
-1.4
-0.815886
-0.35
-0.7
-0.946643
-1.63115
-1.4
-2.69504
-1.4507
-2.34993
-1.63188
-0.912522
-2.24985
-3.03898
-1.7046
-2.42586
-1.81574
-1.41798
-1.03014
-2.08458
-1.01541
-1.13511
-0.90666
-0.515428
-0.7
-0
-2.52651
-2.45
-1.54402
-1.4
-1.90762
-0.804192
-1.84563
-0.7
-3.07088
-2.65189
-0.84198
-0.35
-1.31464
-0.7
-2.06464
-2.41707
-0
-0.35
-1.65541
-1.00833
-1.75
-2.74965
-3.0352
-2.05047
-0.67177
-0.513936
-1.50396
-2.2841
-2.41672
-2.75535
-1.75
-2.44715
-1.03229
-1.60475
-1.82969
-1.33461
-2.93509
-3.05868
-3.23342
-1.05
-0.689049
-1.4
-3.45235
-0.657863
-0.664669
-0.715576
-0.30709
-2.82016
-3.08742
-0.622857
-1.91566
-0.394809
-1.98906
-3.07799
-1.71089
-2.66119
-2.3091
-1.01805
-0.35
-1.03404
-3.26311
-3.06416
-1.67872
-2.84349
-2.70928
-1.05
-1.01477
-2.0692
-2.72073
-1.36211
-1.66857
-0.7
-0.903091
-0.61319
-0.650344
-0.326762
-0.681118
-1.28033
-1.65537
-1.99848
-1.02118
-0.35
-1.74108
-0.662825
-1.98743
-1.39674
-3.18281
-1.62611
-1.2929
-2.6659
-1.69264
-2.34517
-0.35
-2.49264
-2.9528
-3.0414
-3.26005
-2.58708
-1.05
-0.488037
-0.35
-0
-1.62614
-0.689951
-2.28284
-1.73211
-2.37055
-1.53668
-0
-1.48496
-0.657485
-1.04176
-1.68356
-0.678257
-1.94163
-0
-0.455718
-1.62357
-1.4
-1.04726
-0
-0.7
-0.948615
-2.14744
-1.57726
-1.75
-2.55031
-2.15043
-2.24883
-2.37281
-1.90919
-1.38739
-1.74681
-0.35
-0.540272
-1.69965
-2.18648
-2.59937
-1.4
-2.42969
-3.25962
-1.4
-1.33378
-2.8
-0.854481
-1.2633
-2.59775
-0.292617
-0.473806
-0.35
-1.25857
-1.64461
-2.29004
-1.33639
-1.05
-1.36143
-1.4
-1.69011
-0.35
-0.858362
-1.4
-2.03932
-1.02217
-1.75
-3.19015
-3.36499
-2.38475
-2.65049
-3.34295
-3.03667
-0.687101
-1.53531
-2.37034
-1.14798
-0.35
-0.248195
-1.05
-1.67597
-1.75
-1.96621
-2.8
-0.312951
-0.7
-1.81319
-2.95954
-2.63266
-2.81057
-0.35
-1.93051
-0.686436
-0.35
-1.12803
-1.4
-1.67863
-0.7
-2.1
-1.04642
-0
-0.675183
-1.4
-1.55198
-0
-0.155364
-0
-1.74185
-2.6912
-0.799362
-1.67473
-2.61006
-2.74805
-3.02237
-1.34744
-1.4
-1.27862
-0
-1.05
-3.39635
-3.07508
-3.12953
-0.743516
-0.854529
-0.672863
-1.11868
-1.63047
-1.90348
-0.35
-1.05
-1.9114
-1.40322
-1.05
-1.69067
-3.43764
-0.35
-1.75
-1.2612
-1.58576
-1.29673
-1.96136
-0.7
-1.37571
-1.68077
-1.45782
-2.12352
-0.35
-0.35
-1.92715
-1.45996
-0.7
-3.19104
-2.22428
-0.966513
-0
-0.35
-1.4
-0.462991
-2.1
-1.05
-1.05
-1.56204
-1.99664
-0.7
-0.673117
-1.75
-2.36264
-1.83883
-1.05
-1.75
-1.32755
-1.2395
-1.75
-2.25826
-1.75
-1.04977
-1.06189
-0.856764
-2.83116
-2.40235
-0.35
-3.42261
-2.53224
-1.6975
-0.0585715
-1.37614
-1.05
-1.25852
-2.1497
-0.7
-0.35
-1.05
-0.35
-0
-1.64673
-1.3963
-1.58108
-0
-2.98824
-3.11556
-0.817255
-2.77836
-1.23332
-3.18697
-3.03895
-1.68004
-1.3662
-0.35
-1.27241
-2.07137
-3.03653
-1.05
-0.901555
-2.36458
-1.00615
-1.05
-1.05
-0.249498
-0.698673
-2.0247
-1.02038
-1.80022
-2.74442
-1.03373
-1.71514
-2.39728
-1.01407
-0
-0.35
-0.7
-1.50135
-1.6817
-0.795938
-1.02478
-1.70682
-0.35
-0.35
-1.96057
-3.27372
-2.98575
-1.8735
-1.4
-1.64259
-0.35
-0.356547
-1.38107
-0.991744
-1.10259
-1.03964
-0.917534
-2.48133
-2.37615
-0.7
-2.0507
-2.4471
-1.61095
-1.75
-2.45
-1.05
-0.7
-0.35
-1.03459
-2.42715
-0.612611
-1.82699
-1.68229
-2.20371
-0.7
-0.35
-0.462163
-1.68726
-0.35
-1.05
-2.24372
-1.75
-1.75
-0.301098
-2.48772
-1.61627
-1.91721
-1.68543
-0.7
-1.05
-0
-0.7
-1.97257
-2.06881
-2.72267
-1.75
-2.14658
-2.04497
-2.93726
-3.49431
-0.7
-1.3348
-2.28489
-0.7
-0.35
-2.06318
-2.28903
-1.05618
-3.41373
-3.3543
-1.54543
-1.58853
-3.04092
-2.18494
-1.20218
-0.697316
-2.06545
-0.667973
-1.4
-0
-0.786505
-0.7
-0.35
-2.03087
-3.14104
-1.73934
-0.668233
-1.05
-1.32214
-0
-1.26431
-1.72037
-0.697976
-1.14528
-0.281713
-1.03084
-1.01504
-0.959798
-0.7
-0.873628
-3.3692
-0.35
-0.35
-0.35
-2.45
-1.17281
-0.657112
-3.04641
-1.90741
-1.05915
-2.47125
-1.62655
-2.03002
-0.981991
-0.877946
-2.65962
-1.70077
-1.05
-1.38945
-0.7
-0.309714
-0.502793
-0
-1.04996
-0.983991
-0.62639
-1.4
-1.05
-0
-0
-1.05
-1.4
-2.00427
-0.686908
-1.02148
-1.12521
-0.991589
-1.04199
-3.06627
-2.08876
-2.29923
-0.904262
-1.31361
-1.87496
-0.35
-1.75
-3.24985
-1.29878
-2.20339
-3.23349
-0.35
-0.975363
-0.35
-0
-0.35
-1.30016
-0.35
-0.793719
-0.112322
-2.25114
-2.85663
-3.44158
-2.25799
-1.11436
-1.05
-0.35
-0.0496127
-0
-1.00815
-0
-1.29323
-1.70989
-0.314475
-1.68519
-0.35
-0.997367
-0.766463
-1.34556
-0.646565
-0.473411
-3.17972
-2.72767
-1.63423
-1.72498
-0.382322
-0.35
-1.4
-0.511095
-0.656333
-0.519778
-1.26319
-1.03723
-1.03091
-1.12049
-0
-2.64989
-0.641194
-1.5651
-0.35
-2.5996
-1.05
-0.35
-0.520812
-0.35
-2.0867
-0.694796
-0.626589
-1.04918
-0.674554
-1.39402
-2.66617
-3.41147
-0.7
-0
-0.7
-1.36373
-1.05
-2.77007
-2.40515
-0.35
-1.27958
-0.35
-1.70222
-1.05
-1.88174
-3.15
-3.38801
-0.35
-3.10999
-0.7
-2.16189
-1.26962
-1.35856
-1.4
-1.05
-3.13912
-2.08205
-1.915
-1.68907
-0.159874
-2.45
-0.35
-1.59453
-1.29305
-2.83
-0.977184
-0.684778
-0
-2.47481
-2.42966
-1.77195
-0.252009
-2.06328
-1.28286
-0
-0.7
-1.03966
-1.32479
-1.4
-1.4
-1.4
-1.03566
-0.7
-0
-0
-1.05
-0.35
-0.35
-0.35
-1.7289
-1.75
-2.45
-3.39451
-1.26112
-1.06813
-0.7
-0
-1.01516
-1.3988
-2.88773
-0.7
-0.35
-1.79157
-1.2948
-0.63433
-0.836302
-1.05
-1.73262
-0.980904
-0.7
-2.06785
-0.7
-0
-1.4
-2.1
-1.56281
-1.17898
-1.05
-0.35
-0.669368
-1.0429
-1.15213
-1.66742
-1.89901
-1.05
-0
-0
-1.38579
-0.699449
-1.4
-0.604763
-0.690544
-0.996394
-0.551273
-1.70134
-0.35
-1.05
-0.35
-1.65199
-2.3258
-0.909579
-1.6755
-2.73599
-1.44163
-1.77786
-1.96401
-2.98251
-1.73158
-0.340179
-0.7
-1.01678
-0.648542
-0.684116
-1.0007
-1.31375
-2.34979
-3.15073
-3.03018
-2.75192
-0.35
-0.922768
-0.35
-1.9904
-1.4
-1.02569
-1.10904
-1.08496
-2.40307
-0.7
-1.05
-2.34831
-0.685944
-0
-1.4
-0.582243
-2.1
-0.349113
-0.35
-0
-2.40257
-0.936974
-2.92293
-0.250328
-0.66541
-2.1
-0.312466
-0.987171
-1.09979
-1.73129
-1.49536
-3.15019
-2.80811
-2.41356
-2.04407
-2.04123
-2.67652
-3.20729
-2.66381
-1.75
-2.1
-1.53415
-2.03502
-2.66604
-1.5079
-2.94566
-1.28753
-0.89409
-1.6874
-0.644639
-1.43716
-3.07234
-1.4
-1.58926
-1.38201
-0.655478
-1.05
-0.334114
-2.72678
-1.81874
-2.1
-1.01374
-1.9725
-1.75
-2.04642
-1.01107
-0.613118
-1.70825
-2.09865
-1.98104
-0.7
-1.70949
-1.36381
-1.39869
-1.69712
-1.89062
-0
-0.726051
-1.67316
-1.81085
-0.838109
-3.01845
-2.25261
-1.05
-1.89793
-0.35
-0.297103
-2.98236
-0.724342
-1.64624
-2.07042
-1.57466
-0.594708
-0.366782
-2.92002
-2.1167
-3.30129
-1.78736
-2.30214
-2.07428
-0.35
-0.640761
-0.693042
-2.33497
-3.01279
-2.55411
-0.35
-0.645462
-2.74911
-0.936408
-2.08394
-2.83793
-2.06005
-1.57167
-2.13613
-2.14989
-2.30032
-1.05
-2.59735
-1.16388
-1.75
-0.35
-1.83987
-0.927699
-0.35
-0.7
-3.27416
-0.359578
-2.33706
-1.05
-0.645205
-0
-3.22463
-1.6924
-0.845547
-1.05
-0.35
-2.33209
-2.41053
-2.36387
-2.09747
-1.32939
-2.9683
-3.32102
-1.75
-0.817017
-1.75
-1.38904
-1.77493
-2.8
-0.35
-1.99898
-1.84
-2.83051
-2.42479
-2.39054
-1.67136
-2.26749
-2.95536
-0.35
-1.16875
-0
-0.667247
-0.696905
-1.16827
-0.35
-2.45
-2.3131
-2.90774
-2.66988
-1.75
-1.31147
-1.05
-0
-2.3257
-2.74192
-1.66312
-1.86596
-2.9841
-1.51555
-0.35
-0.35
-1.1457
-0
-1.02055
-1.7641
-2.61305
-1.4
-0.995006
-0
-0
-1.38105
-2.27457
-2.27512
-1.01753
-1.8033
-3.3945
-1.97297
-3.02044
-2.4162
-2.25765
-0.299696
-0.645441
-2.31913
-1.73168
-1.46382
-0.35
-2.29625
-1.75
-1.12065
-0.7
-0
-0.7
-0
-0.607759
-0.7
-0.43652
-0
-0.7
-2.36301
-0.920271
-1.4
-2.07813
-1.30962
-2.05986
-1.75
-0.35
-1.69924
-1.60389
-0.315454
-0.35
-0
-2.07055
-1.26303
-0.35
-0.351682
-0.554471
-1.04325
-1.05
-0.635829
-2.3724
-2.44881
-0.7
-1.23197
-0.694472
-2.44874
-2.89565
-0.35
-0.648658
-0.899882
-1.96214
-2.02092
-2.35566
-2.90873
-1.94323
-1.4
-1.25627
-0
-0.993495
-0.7
-0
-1.05
-0.10474
-1.39232
-0.35
-1.42703
-0.739708
-0.959855
-1.01934
-0.0965427
-1.05
-1.01307
-1.4
-2.1362
-2.72926
-3.31995
-3.47254
-1.05
-1.4
-0.795108
-0.7
-0.970414
-1.75
-1.05
-0.35
-0.767194
-0.682383
-0.35
-1.4
-0.323236
-0.7
-2.04974
-1.73024
-0
-2.10494
-2.57709
-0.35
-0
-1.00807
-0.35
-0.35
-0.35
-0
-2.97733
-3.13061
-3.36393
-1.64927
-1.05
-2.28023
-0.649235
-3.16
-0.51905
-0.62174
-0.7
-1.66137
-1.38676
-2.34127
-2.03664
-2.75247
-3.45264
-2.69869
-2.93426
-1.36675
-0
-0.340199
-0.7
-1.75
-1.17802
-0.7
-1.03367
-0.998247
-1.60386
-0.7
-1.22002
-0
-1.9925
-1.08123
-1.75049
-1.75
-1.67975
-1.96725
-1.07894
-1.02429
-1.44529
-0.35
-1.75467
-1.04426
-1.1789
-2.23857
-1.68123
-1.38913
-0.659314
-0
-1.75
-1.75
-0.521353
-1.4
-2.50416
-3.1096
-1.74193
-0
-0.45264
-2.06333
-1.01494
-3.0771
-1.20897
-0
-2.67399
-2.43897
-2.1
-2.64104
-3.04771
-2.60186
-1.71595
-0.35
-2.75624
-3.01283
-0.7
-1.23272
-0.683549
-0.35
-1.35827
-0.35
-0.7
-0.641204
-2.76904
-1.66657
-0
-0.928064
-3.07643
-2.70549
-1.39442
-1.98666
-0.9833
-0.932942
-1.8922
-1.37386
-3.11019
-3.27926
-2.45
-2.1567
-1.05
-2.56298
-2.03073
-0.35
-2.39868
-2.41714
-0.609759
-0.696595
-1.38086
-1.74944
-1.48969
-0.497744
-1.75
-2.16201
-2.34561
-0.35
-3.0766
-1.26592
-1.69461
-2.04644
-1.94233
-0.991364
-1.90774
-1.15634
-2.22599
-2.25921
-1.00618
-1.17431
-0.505637
-1.73465
-1.28514
-1.05
-2.14774
-0.864814
-0
-0.296067
-0.151235
-2.23654
-2.30927
-2.03102
-0
-2.08692
-1.07973
-0.286945
-1.33283
-1.57653
-1.05
-1.40958
-2.43038
-1.61935
-0.672899
-1.10208
-1.65006
-0.7
-2.02815
-1.73256
-2.8
-2.08067
-1.70664
-1.67374
-1.19702
-0.35
-1.6272
-3.18155
-1.62344
-0.7
-0.35
-1.38147
-0.535243
-2.45
-0.991493
-1.81562
-1.13544
-1.05
-2.16496
-2.4484
-0
-2.0719
-2.43391
-2.72352
-1.37118
-2.71509
-1.34963
-0.35
-0
-1.06007
-1.97618
-1.33451
-2.1
-2.05505
-1.39717
-1.31596
-0.640039
-2.68977
-2.31714
-0.7
-0.35
-0.547453
-2.07343
-0
-0.35
-0.35
-0
-0.35
-3.01617
-2.3716
-1.70704
-0.852451
-1.4
-1.71171
-2.71231
-1.39742
-2.1
-1.36761
-2.5885
-2.46447
-2.11968
-0.387604
-0.620298
-0.7
-0.696121
-0.35
-0.35
-0.7
-3.05063
-1.61707
-2.09241
-1.4
-2.40216
-3.27299
-3.23655
-1.38633
-1.42955
-0.35
-0.7
-1.69731
-1.05
-1.75
-0.7
-2.73476
-2.42707
-1.05
-0.35
-1.75
-2.32503
-0
-1.30568
-1.8537
-1.27736
-0.756276
-0
-0.35
-0.644038
-0.728422
-0
-0.620027
-1.68946
-2.39152
-1.56789
-0.7
-0.35
-0.656829
-3.32305
-1.51592
-1.36755
-0.928989
-3.40889
-3.08049
-1.69069
-0.697946
-0.35
-1.71556
-2.29854
-3.45148
-1.98736
-1.61961
-1.02092
-1.39334
-1.75
-1.8446
-0
-0.307112
-1.31706
-1.35114
-1.98083
-2.05587
-3.02069
-0.35
-0.680277
-0
-0.66985
-1.20349
-1.05
-1.2384
-0.308361
-0
-0.309934
-1.3027
-1.58799
-1.22398
-1.68416
-2.72821
-1.00039
-0
-1.74745
-2.55009
-2.04263
-1.05
-2.39974
-1.84577
-0.683924
-1.53919
-2.45
-0.906231
-1.0181
-1.33009
-1.64058
-2.09102
-1.69942
-0
-0
-1.42347
-1.0226
-0.35
-0.234608
-1.75
-0.35
-2.00676
-1.45485
-1.70494
-0.936716
-2.6766
-0
-0.319827
-0.300205
-2.23062
-3.2955
-1.30333
-2.76982
-1.66546
-2.40627
-2.91855
-1.88126
-0.9715
-2.33416
-2.04559
-2.0068
-0.690715
-2.25982
-2.73018
-3.08849
-3.44771
-2.94861
-2.6603
-3.24377
-1.76903
-1.56368
-1.92833
-1.05
-3.20175
-2.80066
-0.497319
-1.24858
-1.23107
-0
-1.05
-3.15
-3.04801
-2.3436
-3.4171
-2.13913
-1.01396
-2.25237
-0
-1.39942
-1.38484
-3.41971
-3.11781
-1.02928
-1.04046
-2.07503
-2.29755
-3.38797
-2.63453
-1.94924
-1.28246
-0.7
-0.986398
-0.7
-0.35
-0.297079
-0.7
-1.73996
-1.4
-1.18104
-0.35
-1.63275
-1.85759
-3.32437
-1.93219
-2.45
-2.74363
-2.8
-2.09493
-0.300631
-0.672127
-1.05
-0.7
-1.57247
-0.749141
-0.7
-2.98315
-0
-0.7
-2.12046
-2.38488
-1.73505
-3.38439
-2.34922
-1.78323
-0.7
-1.59197
-0
-1.69527
-2.19515
-1.99276
-1.05
-0.689716
-0
-1.3706
-2.29357
-3.45079
-2.44278
-1.02409
-0.7
-1.55297
-2.89881
-1.05
-2.1
-0.35
-1.05
-2.1
-1.92326
-2.1198
-2.73769
-1.4
-2.01699
-0.570802
-2.40492
-3.26111
-1.28061
-1.69697
-1.79368
-2.6497
-2.77921
-3.25049
-3.38412
-1.93961
-1.38532
-1.62786
-1.62304
-2.62502
-1.37924
-0
-0.35
-0
-1.87452
-1.02415
-0.35
-2.05244
-2.15902
-2.90049
-2.69729
-1.5061
-0.35
-0.285536
-1.01869
-1.25107
-0.428389
-0.7
-0.530148
-0.35
-0.35
-2.01944
-2.27262
-1.0179
-0.682623
-0.811514
-0
-0
-1.70044
-0.7
-1.2351
-1.17354
-0.692677
-0.7
-0.319446
-0
-1.56541
-1.12994
-0.822016
-1.31132
-3.05295
-2.65927
-1.70265
-2.43968
-2.5956
-1.5754
-1.05
-0.933803
-1.3669
-2.0043
-2.09769
-0.971511
-0.462323
-1.05
-2.45
-1.63415
-2.44013
-1.75
-1.31831
-1.34048
-1.35256
-0.35
-2.45
-1.81676
-2.77085
-3.38657
-1.60265
-1.14071
-3.28858
-3.04743
-0.850443
-1.33158
-0
-1.69043
-0.7
-1.53169
-1.75
-0.341156
-0.35
-1.61019
-2.1
-1.30552
-3.09275
-1.67051
-3.31633
-1.87595
-1.72687
-3.46371
-2.06347
-1.96329
-2.89516
-3.4094
-0.35
-1.05
-0.35
-0
-0.35
-0.7
-0.35
-1.05
-0.35
-0.919025
-1.0285
-0.896001
-0.7
-2.04981
-2.41247
-1.75177
-1.28012
-2.04368
-1.75
-0.35
-1.37067
-2.42205
-0
-0.35
-1.4
-2.1
-1.75
-1.05
-2.0132
-2.6359
-1.33891
-2.25286
-3.45943
-3.36314
-0.35
-0.0282702
-0.571948
-1.65346
-0.310638
-1.50978
-2.05852
-2.31582
-2.45
-1.05
-1.05
-0.731754
-2.56548
-1.75294
-2.63371
-1.12858
-1.82671
-1.4
-2.54026
-2.53311
-2.13779
-1.6962
-0.7
-0.972971
-2.98485
-2.46005
-2.01684
-1.05
-0
-0.941756
-2.97756
-0.35
-2.56668
-1.51252
-2.36334
-3.27187
-0.334961
-1.04944
-0.35
-0.321479
-0
-1.02949
-0.35
-1.42027
-1.88911
-0.385557
-0.622837
-2.43571
-0.206263
-2.688
-3.038
-3.038
-3.17417
-1.7375
-2.16676
-1.81729
-2.33497
-0.676496
-2.32158
-0
-1.87142
-1.67703
-2.42985
-2.1
-0.744076
-1.60252
-0.35
-1.3551
-1.38826
-2.18288
-2.92433
-2.36879
-1.05
-1.51194
-1.34434
-2.28829
-2.46277
-1.39724
-0.593125
-0.645484
-0
-0.35
-1.04504
-3.00877
-3.0975
-2.23537
-1.75
-1.34321
-1.7565
-1.37459
-0.650355
-2.58598
-3.10396
-2.42225
-0
-0.35
-0
-0.857403
-1.05
-0
-0.35
-1.32527
-2.69279
-0.780365
-2.48055
-2.68855
-2.8
-2.70228
-0.35
-2.64343
-1.20729
-2.82273
-1.30724
-1.35051
-0.7
-2.03507
-0.35
-0.7
-0
-2.9995
-1.02582
-0.7
-0
-0.807974
-0.35
-2.86745
-2.85321
-2.39767
-1.75
-2.87285
-2.98854
-3.4582
-2.49169
-2.36516
-1.37581
-1.94106
-0.35
-0.63555
-1.58237
-0
-1.58923
-2.38109
-1.86899
-0.35
-2.98494
-3.22609
-2.8855
-1.4
-0
-0.7
-2.35355
-1.36797
-0
-2.44981
-0.648008
-2.47314
-2.31237
-1.05
-0.7
-1.69618
-0.412452
-0.7
-0.35
-0
-0
-1.36822
-1.05
-1.64644
-1.69384
-0.492535
-0.0434097
-0.986242
-0.35
-0.7
-2.01166
-0.330141
-0.889831
-2.35807
-2.02318
-0.992337
-0.7
-2.75114
-2.34345
-0
-1.75
-2.17688
-1.05
-1.33591
-2.64254
-1.59174
-3.11019
-2.32812
-1.4
-0.7
-1.05
-1.0144
-1.4
-2.54982
-1.26746
-0
-2.45
-2.36261
-1.70009
-1.23147
-0.35
-0.317939
-0.667448
-1.9563
-1.90666
-1.05
-1.4
-0.633657
-2.55978
-2.73124
-3.17107
-0.978203
-1.09799
-0.35
-0
-0
-2.02754
-0.990581
-1.02316
-0
-0.35
-0.6547
-1.05
-0.35
-0
-0.645911
-0.601942
-1.63184
-0.7
-0.304947
-0
-2.37589
-2.33707
-1.36158
-1.4
-2.08584
-1.03038
-1.01677
-0.7
-2.42379
-2.00541
-2.80092
-2.31685
-1.60305
-1.17038
-0.35
-1.2977
-0.7
-1.97856
-1.39375
-0
-2.45744
-2.07827
-2.09956
-2.70065
-0.681887
-1.11313
-0.35
-1.4998
-1.34241
-0.963097
-2.67472
-1.00603
-1.30657
-0.306312
-0
-0.920695
-1.54691
-1.4
-0.985116
-0.35
-0.35
-1.98601
-3.00547
-0.658939
-2.49397
-2.05826
-1.96996
-1.18076
-0.940858
-2.82906
-1.93777
-2.64516
-1.46124
-2.78773
-2.55768
-2.1
-2.72253
-2.00452
-2.04062
-0.35
-0.35
-0.582384
-0.7
-1.00913
-2.308
-1.75
-2.56692
-3.44205
-1.75
-1.05
-1.4
-0
-2.43534
-1.56513
-2.04217
-0
-0.625937
-1.63889
-2.96373
-0.709854
-0.334915
-2.1
-1.05
-1.55665
-1.4
-2.25558
-1.4
-1.31266
-2.99736
-1.01121
-1.62196
-3.11606
-3.46767
-2.6405
-3.34419
-1.94546
-3.11402
-1.67847
-1.29259
-0.7
-1.98117
-0.7
-0
-1.4
-1.37492
-0.677833
-0.35
-2.40546
-1.34121
-1.9459
-0.946948
-0.35
-0.830466
-1.01689
-0
-2.52723
-1.72325
-0.35
-1.9036
-2.04654
-3.00069
-2.0675
-1.87852
-0.7
-1.22476
-3.3184
-1.37004
-1.04999
-0.7
-1.78949
-0.677894
-0.690765
-2.2691
-0.43223
-0.625163
-0.740712
-1.57141
-1.13317
-0.7
-1.98134
-2.1
-1.1508
-2.45
-3.0301
-3.34462
-2.751
-1.37629
-0.695869
-1.90173
-2.18432
-1.65802
-3.3865
-1.64129
-1.55926
-0.7
-0
-0.7
-0.619529
-1.05
-0
-0.35
-0.7
-0.687636
-2.00671
-3.42065
-2.27774
-1.0157
-0.991479
-2.3876
-2.76408
-1.56823
-0.62504
-1.32349
-0.35
-1.4
-1.2412
-0.688291
-0.35
-0.952017
-1.05
-0.626156
-2.02867
-1.67116
-2.92631
-3.10245
-1.96086
-0.35
-0.7
-2.35868
-2.02149
-1.05
-0.699289
-1.20587
-1.25266
-2.19172
-2.54101
-2.29855
-2.45
-1.05
-1.63217
-3.11554
-2.47676
-2.96615
-2.95318
-3.00552
-0.688219
-0.7
-0
-2.83888
-0.498633
-0.947348
-0.7
-0.7
-0.363726
-0.7
-0.325543
-1.71265
-1.05
-0.7
-0.636835
-1.91869
-0.7
-1.72559
-1.59303
-0.35
-1.58694
-0
-0
-2.204
-0
-0.976741
-0.7
-1.10122
-0.7
-1.27778
-1.04236
-0.35
-0.35
-0.7
-3.12351
-0.672575
-0.663692
-0
-0.7
-2.88904
-3.23257
-3.32817
-3.13118
-2.8
-3.02995
-1.37427
-1.6241
-0.7
-0.35
-0.35
-1.20041
-0
-0.35
-1.05
-2.66084
-3.05529
-0.575609
-1.86412
-0.996301
-2.06219
-0
-1.33438
-2.74457
-0.700495
-2.04984
-0.35
-1.47233
-0.7
-1.66632
-1.84662
-3.40173
-2.32171
-2.68859
-3.35389
-2.30427
-2.32142
-2.1
-2.09604
-2.18946
-1.63319
-1.71017
-1.00271
-0
-0.652547
-0.7
-1.20885
-1.36046
-0
-1.64189
-1.74578
-1.74765
-0.568551
-1.25422
-1.35174
-1.00724
-2.45
-2.7126
-2.05148
-0.215779
-1.30338
-2.02532
-1.38202
-2.67901
-3.03658
-0.33744
-1.74262
-2.70288
-2.05879
-1.65561
-1.05
-1.23849
-2.38477
-2.37946
-2.38875
-2.45
-1.84642
-1.19842
-1.97589
-2.2853
-2.69175
-0.992057
-1.69289
-3.39945
-2.4321
-1.37538
-0
-1.4
-1.16595
-0.7
-1.60075
-0.7
-1.68605
-1.95199
-2.25963
-0.657473
-1.05
-2.1
-3.11418
-2.58745
-3.0063
-3.48661
-3.20262
-1.36654
-2.17591
-0.7
-1.89832
-0
-2.3569
-1.48585
-1.8323
-1.2623
-1.24998
-0.6682
-1.05061
-1.04179
-0.45055
-1.96977
-0.60229
-2.04765
-0.7
-0.106308
-1.85424
-0.35
-2.33213
-1.05
-2.08175
-1.10176
-3.06188
-2.04405
-1.62925
-1.3471
-1.21425
-0.81595
-1.05
-0.35
-1.57747
-0
-0.35
-1.99354
-0.83109
-2.85226
-1.61463
-3.23244
-0.35
-0.974216
-0.35
-1.96659
-3.19535
-0.7
-1.81847
-1.62807
-1.48005
-2.39017
-3.26887
-1.6799
-2.67256
-0.683701
-3.27216
-0.7
-0.391305
-0.963076
-0.245849
-0.7
-1.16398
-3.5
-2.33346
-0
-2.74039
-0
-0
-0.696964
-0.658665
-1.14911
-1.02309
-0
-0.736679
-1.05
-0.774636
-0
-0.520732
-2.06872
-2.00758
-2.78997
-1.89542
-2.22366
-1.66048
-1.68589
-1.93296
-2.63275
-2.89989
-0.7
-0
-2.40756
-1.43101
-1.39807
-1.05
-1.37081
-0.639541
-3.04626
-2.7247
-2.7575
-1.2996
-0
-0.35
-1.66779
-3.4916
-1.05
-0.35
-1.1903
-1.20782
-0.7
-0.7
-1.65822
-0
-0.7
-0
-0.998877
-1.37379
-3.39735
-1.35236
-2.60551
-1.42964
-2.34493
-1.3547
-1.16268
-0.812814
-1.45034
-0.35
-0.35
-2.45
-2.08194
-1.37008
-2.77105
-2.19314
-1.27965
-0
-1.69931
-1.29969
-1.68719
-3.08896
-2.41485
-1.3638
-0.7
-2.08962
-2.34488
-1.6653
-2.29752
-2.72812
-1.76079
-0.859835
-0.634931
-0.35
-0.35
-0.233791
-0.35
-0.686258
-0
-1.01025
-0.594467
-0.592232
-0
-2.14852
-0.996782
-1.05
-0.985304
-1.52768
-3.16868
-1.4435
-2.1
-1.44959
-0.7
-0.231678
-0.7
-1.08613
-0
-1.51465
-0.669548
-3.21416
-3.28981
-3.04926
-2.91752
-1.29835
-1.75
-2.07992
-0.912422
-0.982607
-1.17486
-0.342816
-1.35022
-1.35022
-0.290422
-0
-0
-1.5699
-0.35
-0.550604
-2.04997
-2.72563
-2.21073
-0
-0.7
-2.01616
-2.45
-1.05
-1.05
-1.13618
-1.4
-2.21606
-2.09239
-2.45
-3.36957
-2.30887
-2.37919
-2.5963
-1.4436
-0.35
-2.0587
-1.30195
-1.04983
-2.66614
-0.593132
-0.7
-0.35
-2.06238
-1.91201
-1.77372
-0.64475
-0.942344
-2.3697
-2.67197
-1.75
-1.19726
-0.436289
-2.06571
-2.79655
-1.75
-1.05
-0
-3.02095
-2.89419
-2.97914
-1.13903
-0.35
-0.69246
-0.35
-2.55123
-1.32541
-1.92999
-1.6671
-1.0178
-1.34461
-3.12382
-2.86244
-0.340183
-1.51007
-2.17227
-2.65052
-1.36267
-1.21912
-0.671302
-1.4
-0.948719
-1.94577
-0.35
-1.34306
-1.99095
-0.35
-0
-0.35
-3.31123
-2.01536
-0
-0.35
-0
-0.7
-2.44219
-0.35
-0.422951
-1.34731
-2.2847
-0.972688
-1.64909
-1.23349
-1.07641
-0.7
-0.599054
-0.769116
-1.13444
-0
-1.13191
-0.35
-1.00707
-0.35
-0.580925
-0.35
-0.7
-1.04641
-2.36468
-0.35
-1.11098
-0.658753
-1.67619
-0.68606
-0
-1.70318
-1.4
-0.84718
-0
-1.57988
-1.9932
-1.69621
-1.39627
-1.73015
-0.35
-1.95471
-2.00004
-2.43555
-2.63327
-0.987336
-0
-2.4727
-1.74195
-1.04916
-0.35
-1.30099
-1.19845
-1.04717
-0
-2.41764
-2.77662
-2.17283
-0.339605
-0.240565
-0
-0.32252
-3.03742
-0.35
-1.54843
-1.71698
-1.64038
-0.592865
-0.191964
-1.28142
-1.86258
-1.05
-1.49171
-1.39242
-1.65818
-0.7
-1.02336
-1.3265
-2.03238
-2.0212
-2.09209
-2.09689
-2.1
-1.35848
-0.35
-1.00457
-0.35
-0
-1.95691
-1.56823
-1.05
-2.35097
-1.33403
-0.35
-0.895459
-1.75
-2.4749
-2.92844
-0.35
-0
-2.37508
-1.90769
-0.7
-1.32184
-1.53402
-0.7
-0.621751
-1.01909
-0.989744
-0.659242
-0.35
-0.612988
-3.01606
-1.76734
-0
-1.75
-3.10245
-1.38775
-2.45
-1.75
-2.45
-0.664758
-0.35
-0.35
-0.736186
-1.4
-0
-1.05
-1.51473
-1.69689
-1.4
-1.92104
-2.74735
-3.24193
-3.44501
-2.78997
-3.31357
-3.10176
-2.29451
-3.12785
-2.8
-1.4
-1.63771
-3.25731
-1.75
-1.6491
-1.67276
-1.72045
-2.06634
-0.948501
-1.6146
-0.950274
-0.35
-1.63962
-1.04174
-1.05
-2.58462
-2.44105
-0.7
-1.62921
-0.505839
-1.34155
-0.612202
-0
-1.05
-1.21414
-0.942867
-1.4
-3.10896
-0.622125
-2.04529
-1.75
-2.02561
-1.25728
-1.91795
-1.35655
-0.968617
-1.30074
-1.75
-0
-0.35
-0.294826
-0
-1.44935
-1.34153
-1.21157
-3.1233
-0.302852
-1.35634
-1.97382
-1.74731
-1.26309
-0.545527
-0
-1.03133
-0.7
-2.04168
-1.01269
-2.53578
-0.35
-0
-0.776849
-0
-1.4
-3.15177
-1.99101
-0
-1.13596
-1.57846
-0.7
-0.35
-0
-0.679254
-1.34816
-0.7
-0.65024
-1.05
-0.900631
-1.90441
-0.729876
-0.35
-2.3196
-1.14006
-3.33798
-1.54923
-1.04443
-0.35
-0.689653
-1.30025
-2.71161
-0
-0
-1.02941
-2.22192
-1.01756
-2.45
-0
-0.696771
-0.978823
-0.35
-1.31247
-1.60686
-1.0333
-0.93233
-0.291078
-3.20778
-3.27123
-3.37367
-2.647
-0.35
-1.77775
-0.879885
-2.02748
-0.303238
-1.75764
-1.28003
-1.68647
-1.85435
-3.25315
-2.03733
-3.14885
-2.2885
-2.16735
-0.35
-0.599686
-1.4
-0.688099
-1.34149
-1.29071
-0.7
-0.7
-0.681083
-0.35
-0
-0
-0
-2.01262
-1.19357
-1.05
-2.74954
-3.0541
-2.45
-2.1
-2.44025
-2.30334
-1.77642
-2.44337
-1.22337
-0.7
-1.75
-2.7
-3.05
-1.7
-1.89004
-0.596011
-0
-2.18659
-3.06907
-1.28389
-1.43754
-0.35
-2.1
-1.4
-2.29337
-1.4
-2.38533
-0.328994
-2.80156
-2.79928
-0
-0.322775
-1.53486
-0.35
-2.73295
-1.42835
-1.32835
-1.05
-3.5
-2.1
-1.75632
-2.62746
-2.8
-1.12784
-1.67586
-1.98645
-2.18735
-2.88256
-2.49671
-2.70429
-1.05
-2.76656
-1.22835
-2.1
-2.013
-0.7
-1.73838
-1.97727
-2.00467
-3.17178
-1.99831
-2.72943
-0.348007
-0.405438
-1.85124
-1.86992
-0.35
-0.35
-0.35
-2.10168
-1.99502
-1.65885
-1.73077
-0
-0.7
-1.05
-0.35
-0.21913
-1.60341
-1.67335
-1.64529
-2.01893
-1.05
-3.14164
-0.791809
-1.89049
-0
-0.242594
-1.05
-0
-1.75
-2.35277
-2.78588
-3.36295
-0
-0.35
-1.4
-0.199739
-1.99136
-1.59806
-0.521511
-3.28641
-2.20737
-2.99804
-0.743589
-2.72982
-1.36072
-1.99491
-0.687845
-2.07269
-1.39522
-0.96051
-1.75
-3.13092
-1.34519
-1.34953
-1.62684
-1.4
-1.75
-3.24082
-2.38195
-3.03885
-0.7
-1.62298
-1.69366
-0.35
-1.91729
-1.29362
-1.3207
-0.35
-0
-0.35
-0.7
-0.35
-0
-0.993184
-0.7
-0.626743
-2.33519
-1.00487
-1.38295
-0
-0.35
-0
-1.21039
-0.35
-0.35
-0
-0.581903
-1.50981
-1.39913
-0.740351
-0
-0.639706
-2.39182
-2.84547
-1.85598
-1.90233
-3.30486
-0.7
-1.04834
-0.16307
-0.633261
-1.44186
-2.75149
-0.491204
-0.364797
-1.91187
-1.9702
-0.35
-2.28285
-1.39394
-2.38292
-0.561137
-0.35
-0.7
-2.27408
-2.72187
-3.11112
-2.41611
-1.21
-0.772964
-2.44401
-1.4
-2.34714
-1.33422
-1.36304
-0
-0.988942
-1.89449
-1.68014
-0.7
-0.949976
-0.7
-0.7
-0.7
-0
-2.4024
-0.35
-2.56369
-3.20991
-0.35
-1.38673
-0.35
-1.72116
-0
-0.7
-0.992695
-1.95921
-1.69237
-0.35
-1.01328
-1.4
-1.046
-3.11553
-2.05541
-1.4
-2.1
-0.7
-0.35
-1.74138
-3.33991
-3.10934
-3.15253
-2.60554
-1.33251
-0.598899
-1.30726
-0.622928
-0.35
-1.61663
-0.7
-0.59754
-0
-0.7
-0.35
-1.05
-0.993526
-0.35
-0.7
-0
-1.34687
-1.03116
-2.69397
-2.49619
-1.66686
-1.05
-0.563038
-0.7
-1.99063
-2.36484
-3.02754
-3.00979
-2.05859
-2.3099
-0.76168
-0.946363
-2.92841
-0.35
-1.00935
-1.92522
-1.68243
-2.1
-0.996204
-1.11181
-0.385286
-1.74859
-2.34635
-3.18668
-3.32354
-1.30831
-1.31962
-2.24169
-0
-1.65743
-1.51213
-1.44681
-1.48254
-0
-1.34048
-1.94148
-0.7
-0.35
-0
-0
-0.888658
-0.581828
-0
-0.35
-1.15118
-1.36841
-0
-1.05
-3.15
-3.15
-1.72388
-0
-1.4
-3.39546
-1.63079
-1.99093
-2.19214
-2.13382
-0.35
-1.29705
-1.2532
-1.90415
-2.11961
-3.09716
-1.14294
-0
-1.49898
-0
-0.763486
-1.054
-1.4
-1.51684
-1.87134
-1.05
-1.504
-2.50759
-2.44824
-2.35711
-2.03938
-2.38115
-0.35
-0.35
-2.09714
-1.4
-2.51344
-0
-0
-0.613934
-0.35
-0
-0.35
-0.330315
-2.42515
-3.80492
-2.02211
-0.931763
-0.854588
-0.564866
-1.72711
-0.607317
-2.07169
-2.01765
-2.14101
-0.661407
-1.75
-2.88506
-2.43714
-0.35
-1.69278
-2.84327
-2.35727
-1.29351
-2.77751
-3.13162
-2.44573
-1.41606
-0
-1.05764
-0.35
-0.967477
-1.05
-1.05211
-1.30229
-0.729831
-1.03387
-0.976698
-1.68051
-2.59848
-1.70134
-1.38678
-0.909236
-2.8
-3.09605
-2.09298
-3.37364
-1.75
-1.99322
-3.39872
-1.2504
-0.995365
-2.00452
-1.39279
-2.72917
-2.1
-0.7
-2.09582
-1.53549
-1.75
-1.4
-3.47292
-1.65411
-0.35
-0.35
-2.42436
-0.262412
-0.575058
-1.38869
-2.64868
-2.04783
-1.1703
-2.03909
-2.06108
-1.32832
-2.76761
-2.77727
-3.39216
-2.45668
-2.7676
-3.36567
-1.81237
-0.802288
-0.997527
-0.35
-1.68589
-1.32894
-0.893311
-1.60346
-1.70467
-2.94751
-2.45
-0.664847
-0.647746
-0.35
-1.4652
-2.60286
-2.33724
-2.59538
-0.979795
-2.3855
-1.05
-1.4
-1.04928
-2.38464
-1.93695
-3.04552
-3.25341
-2.91481
-1.62694
-0.662098
-2.37083
-1.4
-1.32628
-2.38916
-1.05
-1.4
-2.32668
-3.37461
-1.4
-1.36683
-0.967946
-0.35
-2.64638
-2.1
-3.38389
-2.24755
-0.677332
-0.738958
-1.85727
-2.34262
-2.1
-1.82696
-2.37588
-1.35544
-0.488227
-1.05
-1.05
-1.50698
-0.400935
-0.732847
-0.7
-1.25924
-2.36759
-2.06127
-1.75
-1.99975
-2.1
-1.51599
-1.36607
-0.7
-0.35
-3.10469
-2.27827
-1.70587
-1.01176
-0.973342
-2.44851
-1.76853
-0.35
-1.66604
-0
-0.7
-0.35
-1.90506
-2.03754
-1.12158
-0.35
-0
-0.660106
-0.459854
-0.35
-1.39892
-1.17504
-0.963182
-0
-1.4
-1.73932
-1.4
-0.35
-1.63338
-1.74493
-0.862157
-2.1
-2.04046
-2.07298
-1.97102
-2.07246
-0.35
-2.08812
-2.64309
-1.05
-1.23438
-0.901971
-1.31765
-2.71848
-2.44685
-1.74695
-0.35
-0.692302
-0.7
-0.914688
-0.981399
-1.59654
-2.07851
-2.25587
-2.8
-0.7
-0.7
-1.80548
-1.4
-3.30096
-3.41694
-1.73611
-1.38107
-1.39195
-2.93144
-2.50063
-3.22662
-0
-1.05
-0.652961
-0
-0.35
-0.35
-0.35
-2.8497
-2.20201
-2.28157
-0.7
-2.65873
-2.56211
-2.1
-1.35443
-2.00711
-0.35
-1.59399
-0.7
-0.35
-1.7092
-3.08997
-1.75423
-1.69179
-0.633177
-1.05
-2.65393
-0.35
-0
-1.02829
-2.60456
-2.98776
-2.70576
-3.42437
-1.75
-1.53539
-0.690981
-0.7
-1.27772
-2.34796
-0.383197
-1.75
-2.74296
-0.637979
-1.75
-0.832766
-0.591063
-0
-1.72521
-3.15
-2.40947
-2.86205
-1.61448
-2.9795
-1.20125
-2.0598
-1.05
-0.573727
-1.31113
-0.642873
-0.387783
-1.05
-1.05
-2.41259
-0.7
-0
-1.32968
-2.23984
-1.04923
-1.61709
-2.31911
-2.05742
-2.30031
-2.94567
-3.29455
-2.27543
-1.19686
-2.32457
-2.0446
-0.35
-1.68129
-2.17849
-1.01171
-2.30442
-3.33742
-1.05
-1.73799
-1.31091
-1.68258
-0.7
-0.35
-0.35
-1.56984
-3.021
-2.40111
-1.15228
-1.4
-0
-1.00354
-0.7
-1.3875
-0.614955
-1.4
-0.7
-2.0764
-2.0613
-1.67586
-1.85426
-0.7
-1.39946
-2.22894
-1.05
-2.5032
-0
-1.31907
-0.346483
-1.05
-2.62077
-1.68728
-1.4
-1.05
-0.35
-0.7
-0.878584
-1.20337
-0.7
-1.05
-0.557502
-3.28509
-2.66539
-2.4588
-2.78112
-1.39737
-0
-0.979743
-0.35
-3.05605
-2.06266
-2.03357
-1.60816
-1.4
-0.778887
-2.1
-1.05
-1.82807
-2.8457
-2.3461
-0.300848
-0
-0.35
-1.00828
-0.35
-0.541734
-2.71369
-2.21956
-1.05
-1.24219
-3.23231
-2.68698
-0.899189
-2.09229
-1.0068
-0.35
-1.05
-0.7
-2.05331
-1.89407
-2.8131
-3.36867
-1.4
-0.655163
-0.7
-2.81473
-2.1
-1.30573
-1.75
-2.76699
-0.522276
-0
-0.7
-1.99841
-2.40586
-2.38341
-0.35
-0.915186
-0.35
-3.42614
-0.842647
-1.05
-0.35
-0.690534
-1.05
-2.09121
-1.70858
-2.44615
-1.46939
-0.35
-1.05
-1.39823
-1.4
-1.44219
-2.73404
-0.7
-0.317626
-0.7
-2.43216
-1.69368
-0.339511
-0.35
-1.81384
-1.4
-1.74219
-0.35
-0.648153
-1.02241
-2.29927
-2.94974
-0.61268
-1.05
-0.7
-0.979101
-2.77144
-2.37777
-1.04269
-1.34578
-2.38211
-2.38945
-2.27371
-3.26765
-0.35
-0.648504
-1.66467
-2.76396
-3.10736
-1.24076
-0.35
-0.7
-1.20403
-1.27727
-0.35
-0.716078
-1.75
-1.71655
-0.7
-0.7
-0.7
-0
-0.35
-2.43314
-1.36649
-1.65312
-1.04629
-1.22436
-2.6675
-2.08621
-0.887003
-0.43815
-0.314613
-1.4
-0.35
-1.69858
-2.7604
-1.8982
-1.91165
-0.7
-1.02074
-1.4
-1.05
-2.42069
-0.7
-1.05
-0.35
-1.60064
-1.07724
-0
-0.35
-0.7
-1.74435
-1.39394
-0
-2.70173
-1.96544
-1.75
-1.19219
-1.37138
-1.05
-0.618866
-0.35
-0
-2.44087
-2.05021
-0.35
-1.06612
-0.360564
-0
-2.64245
-3.216
-1.60608
-1.05
-2.77011
-1.25538
-2.03481
-1.79862
-2.08085
-2.02661
-2.27576
-1.07425
-3.24199
-1.01387
-0.7
-2.1
-0
-0.57701
-0
-0
-0.35
-2.98497
-1.30151
-0.7
-3.31591
-1.98862
-0.35
-2.08413
-1.51326
-0.7
-0.372476
-0
-0.35
-2.54025
-0.821326
-2.59145
-2.64627
-1.05
-0.7
-1.05
-1.95515
-2.99776
-1.71849
-2.8
-2.3986
-3.03166
-2.00056
-0.79856
-1.16726
-0.7
-2.29261
-2.04336
-0.35
-1.4
-0.35
-2.41329
-2.09714
-0.440197
-0.7
-1.4
-1.23727
-1.69722
-3.11378
-1.74382
-0.979897
-1.72854
-0.999006
-1.01784
-2.31075
-0.35
-3.48085
-2.18709
-2.67175
-2.87342
-1.63329
-3.11932
-3.05636
-2.73665
-0.676
-1.18494
-2.88318
-2.28524
-3.20175
-3.248
-2.96834
-2.31062
-1.37737
-1.28322
-0.509423
-1.20483
-0.35
-1.66919
-2.18194
-0
-0.35
-1.58961
-0
-0.973763
-0
-0.65022
-2.75255
-1.35018
-1.66033
-0.35
-1.26732
-0.805013
-1.4
-1.04145
-0.312304
-0
-0.35
-0.7
-1.59354
-0.316338
-1.19843
-0
-0.666725
-2.7093
-2.42577
-3.08902
-2.00122
-1.62453
-0.820062
-0.7
-1.03213
-0
-1.9948
-0.909216
-2.36673
-0.35
-0.950275
-1.75
-0
-0.572591
-0.35
-2.87972
-1.02282
-2.72461
-2.57921
-3.09006
-2.27592
-2.59398
-2.03363
-0.35
-1.05
-1.36774
-1.02932
-0.35
-0
-3.05819
-2.42293
-2.93404
-1.93815
-1.71527
-1.4
-0.990876
-0.95287
-0.577138
-0.580678
-1.86011
-1.91438
-2.39292
-3.06707
-3.09495
-1.79125
-1.4
-1.09524
-0.7
-0.911185
-1.68481
-2.13228
-0.523764
-0.382422
-0
-2.09655
-1.39044
-1.80771
-1.24912
-2.63183
-0.676468
-2.34998
-2.08752
-1.99497
-1.8922
-1.26888
-2.05485
-1.4
-2.58175
-1.05
-1.02745
-0.63212
-2.02252
-3.34389
-1.50427
-0.591423
-0.584131
-1.39064
-0.698531
-0.835447
-1.37461
-0.35
-0.503346
-1.63783
-2.979
-1.59064
-2.18471
-1.70503
-2.96822
-0.7
-1.39964
-3.20065
-2.67938
-2.11654
-2.35386
-2.89543
-2.76044
-3.47377
-0
-1.31444
-1.03369
-1.51324
-2.53287
-3.38565
-0.7
-0.35
-1.61251
-0.7
-2.1
-2.8
-1.74746
-1.65334
-1.05
-1.37183
-2.03935
-2.95375
-1.46559
-0.609008
-0.988392
-1.63314
-0.843607
-3.04557
-0.7
-1.93794
-1.75
-1.05
-1.4
-1.71856
-0.7
-0.610039
-1.4
-1.42003
-1.05
-2.36634
-2.1
-1.09621
-2.24716
-2.7072
-0.997088
-1.05
-1.34235
-1.05
-1.05
-0.35
-2.8
-1.65511
-2.22538
-0
-0.380283
-1.66781
-2.1
-2.64678
-3.27948
-0.261537
-1.4
-1.05
-1.39569
-1.61106
-0.7
-2.72288
-0.97043
-0.35
-1.31965
-3.30688
-2.44138
-1.58964
-1.75
-0.7
-1.24035
-2.58029
-2.97213
-2.94816
-3.07031
-1.50901
-1.4
-2.66071
-3.31278
-2.07453
-0.958601
-2.73874
-2.44918
-1.34333
-2.01062
-0
-0.35
-0.175968
-1.71688
-3.27792
-2.22074
-3.39974
-0.35
-0
-0.7
-1.6887
-0.35
-3.43641
-2.62982
-1.75
-1.75
-1.48
-3.00318
-2.23893
-2.28725
-0.864277
-1.01065
-1.03769
-0.35
-0.688779
-0.59866
-1.73104
-1.21177
-0.35
-1.22065
-1.61134
-0.35
-1.64138
-1.68642
-1.70466
-2.01788
-0.658075
-1.02539
-1.68492
-0.935392
-2.8
-2.06866
-0.726215
-1.05
-3.31991
-3.25627
-2.03125
-0.639272
-1.74242
-0.566179
-2.23566
-2.91755
-1.49966
-1.3259
-0
-1.05
-0.86535
-1.7465
-2.10243
-0.7
-2.10585
-1.18087
-0.7
-2.14183
-0.660667
-1.30982
-2.37104
-1.20991
-0.980073
-0.272916
-1.0316
-1.6291
-0.7
-1.22228
-2.45
-1.23756
-1.04427
-2.87149
-0.36464
-0.7
-3.04646
-3.0036
-1.75
-1.75
-2.4746
-3.28728
-2.75611
-0.681353
-1.73135
-3.38299
-3.38299
-2.31036
-1.01134
-1.35311
-1.75
-2.43171
-2.09673
-1.84822
-1.75
-1.39119
-0.284719
-0.323686
-1.03709
-0.35
-1.83614
-2.87946
-1.38578
-2.96421
-3.45582
-0.816037
-0.956941
-0
-0
-1.4
-2.06997
-1.4
-2.24092
-1.4
-0
-1.17976
-1.05
-2.4394
-1.05
-0.77244
-1.75
-0.7
-0.7
-1.19082
-1.58901
-1.01436
-0.7
-0.772483
-0.669925
-0.992
-1.74684
-1.65416
-2.01124
-0.7
-1.12816
-0.238382
-0.276397
-2.80203
-2.18525
-3.01042
-2.08712
-1.71278
-1.34433
-2.75069
-3.6677
-0.321432
-1.16281
-0.619188
-1.71611
-0.903274
-0.35
-0.952897
-1.58565
-0.654422
-0.35
-0.945841
-1.31482
-2.7353
-0.649928
-1.67845
-0.7
-2.41431
-1.72533
-2.42453
-0.7
-0.7
-3.35226
-2.73266
-1.73958
-2.4438
-1.45074
-2.56941
-3.17176
-1.18674
-1.60184
-3.10127
-3.36188
-2.17864
-3.10368
-2.24397
-0.7
-0
-2.00842
-1.05
-1.43698
-1.13242
-0.833501
-2.65632
-2.41938
-1.4
-0.7
-0
-1.39876
-1.4
-0.35
-0
-1.4
-1.6959
-3.47631
-1.05
-0.345234
-1.36168
-1.03091
-1.37465
-0.493968
-2.58208
-0
-2.8
-1.36715
-1.74416
-0.883662
-0
-0.702513
-1.58358
-0.35
-3.0335
-2.72907
-1.4
-1.32302
-2.8
-1.72175
-2.78606
-2.19982
-0.35
-1.01155
-3.17793
-2.75185
-2.64428
-2.5359
-1.11884
-1.39742
-2.02454
-1.67205
-1.94622
-2.92813
-1.24147
-0.35
-0.669119
-2.0592
-1.61538
-1.05
-1.6639
-0
-0.575481
-0
-1.33105
-1.00208
-0.996893
-1.32234
-1.08821
-0.35
-0.35
-3.43231
-3.3625
-2.69011
-0.35
-1.67781
-2.49775
-1.05
-0
-0
-1.05
-0
-0.972987
-1.35113
-2.98373
-1.26542
-1.26542
-1.4
-1.69945
-0
-1.70944
-2.87675
-2.50526
-3.02471
-1.87293
-0.823008
-1.39805
-1.75
-2.27666
-2.66092
-3.10915
-1.86619
-3.20343
-2.1
-3.0322
-1.45403
-0.35
-0.951944
-3.37435
-3.08425
-3.32523
-3.2468
-2.8
-2.14206
-2.06152
-2.8012
-1.88128
-0
-1.19792
-2.05696
-2.03928
-2.95911
-3.3715
-1.67278
-1.29319
-1.59597
-2.15686
-3.11744
-2.81674
-3.05842
-0
-0
-0.949268
-0.7
-2.8
-3.26021
-1.71316
-0
-1.38383
-2.93306
-1.70931
-3.34869
-0
-1.4
-2.83406
-0.445068
-1.39258
-0.7
-0
-1.4
-0.664439
-1.4
-1.29068
-0
-2.28555
-1.37719
-0.372489
-0.35
-0
-1.8495
-3.23546
-2.46011
-2.1
-0.980393
-0.832587
-0
-0.977592
-0.7
-3.14369
-2.1
-0.136503
-2.58775
-1.35077
-3.00404
-2.79802
-2.03353
-2.1
-0.35
-0
-2.53256
-2.33362
-2.55024
-1.86211
-2.18131
-1.12752
-1.03016
-2.73358
-3.12725
-2.69782
-2.16708
-3.42059
-2.57571
-0.98149
-1.29913
-0.929882
-1.91053
-1.39208
-1.42595
-1.73286
-2.32532
-0.990269
-2.0535
-2.07954
-1.38292
-1.4
-2.03379
-1.35117
-1.4
-3.03634
-2.98919
-3.15
-2.86499
-1.7417
-2.33252
-2.76543
-2.4222
-1.4
-0
-0
-1.46578
-3.05125
-2.1
-2.30291
-0.7
-0.982348
-0.787893
-1.4
-0.986662
-1.62342
-1.67447
-0.7
-0.70187
-0.929746
-0.7
-0.7
-2.04795
-1.94442
-2.67178
-2.91659
-0.35
-0.585044
-1.03709
-0
-0.169107
-0.674378
-0.691749
-1.32786
-0.7
-0.7
-0.35
-0
-1.97209
-1.11435
-1.80067
-2.15737
-1.73991
-1.64923
-1.05
-1.99434
-0.976578
-2.29924
-1.18058
-1.05
-0.7
-1.07815
-0.56895
-0.446484
-1.02569
-0.813949
-1.75
-1.78114
-1.75
-2.77043
-1.75
-1.52633
-2.5021
-2.47814
-3.33953
-2.4189
-2.62118
-1.4
-1.35602
-1.05
-0.586194
-0.305621
-1.67383
-0
-1.4
-0.35
-3.24102
-2.49921
-3.18729
-3.00075
-2.13909
-1.99816
-1.63732
-0.619395
-2.47598
-0.35
-1.97403
-0.35
-1.02253
-1.45101
-2.08836
-2.8015
-2.33016
-2.23059
-3.20622
-1.89572
-0.35
-3.09317
-2.42558
-1.24156
-0.966059
-0.755875
-1.4
-2.93769
-0.805292
-0.695938
-0.965165
-0
-1.05
-1.698
-1.94311
-3.24225
-3.5
-1.23163
-1.37415
-1.02943
-0.35
-1.05
-1.4
-1.62306
-0.168136
-1.62569
-2.80981
-0.686404
-1.62226
-1.29512
-0.984114
-0.7
-0.787769
-0.7
-0
-1.88698
-0.35
-1.35219
-1.33701
-1.01747
-0.550587
-1.68321
-0.995511
-1.05
-0.35
-1.4
-0.937255
-1.70447
-2.73331
-1.64372
-0.7
-1.05
-0
-0.507323
-0
-1.03384
-1.09108
-1.02452
-0.7
-0.7
-1.73414
-0.671349
-0
-0.7
-0.724797
-1.4
-2.25044
-0.35
-1.05
-1.74893
-0.7
-1.89728
-0.484537
-0
-0.35
-0
-0.669076
-0.772942
-1.00031
-1.67215
-0
-1.4
-1.82304
-0
-0.629588
-0
-0.327175
-0.35
-0.7
-0.35
-1.6972
-0.990153
-1.36258
-2.37413
-2.2731
-0.955098
-0.876978
-1.38111
-0.35
-0
-0.35
-2.40338
-1.36819
-3.02781
-2.03547
-1.00444
-1.69387
-2.88262
-0.693756
-1.37521
-1.67832
-2.98679
-1.6642
-0.312535
-0.35
-0
-1.69669
-0.0342258
-0.321501
-1.4
-2.4366
-2.32756
-1.40941
-1.33321
-0.277991
-0.7
-1.2234
-1.91975
-2.89326
-1.4
-1.6075
-0
-0.7
-2.01145
-2.08089
-1.78299
-2.98125
-2.20891
-2.80708
-2.58894
-2.35433
-1.72008
-1.26506
-2.32166
-0.35
-0.645761
-0.35
-0.7
-0
-0
-2.33796
-1.52557
-2.47228
-2.79492
-1.71412
-0.7
-0.7
-0.35
-2.31588
-0.638983
-2.33375
-1.01002
-0.35
-2.12246
-2.84536
-0
-1.39839
-1.35423
-1.99
-3.00272
-0.7
-0
-2.21512
-2.64618
-2.78284
-1.7397
-2.85859
-2.75705
-1.9876
-3.32428
-1.67459
-1.05
-0.546929
-0.973293
-0
-1.05
-1.4
-1.66264
-1.05
-1.3449
-1.93391
-2.40835
-2.29085
-0
-1.68843
-1.75
-0.7
-1.74363
-3.13386
-0.417833
-1.14431
-2.76802
-2.21668
-0.294066
-1.62798
-0.528429
-0.7
-0.936395
-0.7
-0
-0.7
-0.35
-1.89131
-1.72176
-0.35
-1.74203
-0
-1.32806
-0
-1.21995
-1.79592
-3.01279
-2.33661
-3.25348
-2.66194
-2.68496
-1.9263
-2.75519
-2.72107
-1.95127
-1.05
-0.60965
-1.18371
-0
-0.35
-0.666111
-1.05
-0.978663
-1.714
-1.0492
-0.7
-3.26047
-1.05
-1.42867
-2.33755
-0.35
-2.0905
-0.282624
-0.926263
-1.19034
-1.44415
-2.09597
-1.80751
-2.09166
-2.38725
-0.541353
-1.29513
-2.4091
-3.44809
-0.966335
-1.58176
-2.7416
-1.56047
-1.69202
-0
-0.941342
-0.990767
-0.718111
-2.68821
-2.1
-0.7
-0
-1.66759
-0.7
-1.34243
-0.297678
-0.921742
-2.1
-2.43686
-3.12136
-0.35
-1.75
-2.41567
-2.37127
-0.7
-0.861717
-2.31541
-2.6933
-1.65231
-0.7
-1.65875
-0.98868
-1.62086
-1.93806
-1.05
-0.953052
-1.39099
-0.616621
-0.7
-1.07427
-2.79309
-2.39398
-2.3869
-1.99702
-1.4
-3.29237
-2.39908
-3.34066
-1.39171
-1.29137
-0.35
-1.28109
-1.19229
-3.49062
-2.45
-1.92031
-1.4
-2.20018
-1.18858
-1.05
-1.33966
-1.6769
-1.4
-1.05
-0.872673
-0.7
-0.7
-3.14027
-3.14027
-0.35
-1.42545
-2.29667
-2.27171
-2.38917
-1.77201
-0.7
-1.05
-3.08126
-3.44395
-2.26532
-1.03857
-1.27811
-1.03229
-0.35
-0.697531
-0.695088
-0.794248
-1.4
-2.2979
-1.3645
-1.32622
-1.93833
-0.913322
-2.1
-1.94182
-1.38103
-2.04747
-1.7582
-3.21297
-2.77762
-2.37888
-2.00989
-1.62541
-3.01562
-3.02367
-2.32093
-1.4
-3.46154
-2.07077
-1.45524
-3.44629
-0.643843
-1.33845
-1.05
-2.86743
-0.7
-0.802063
-3.20559
-3.18419
-2.32571
-1.4
-0.35
-2.98252
-3.35183
-3.13334
-2.43328
-1.84556
-0.7
-0.552858
-0.35
-0
-1.05
-1.70304
-1.4
-0.687242
-1.47589
-1.16107
-1.66382
-1.28364
-2.79875
-2.2624
-2.45
-2.33184
-1.75
-2.8
-1.93544
-0.603181
-0
-0.7
-1.99554
-1.85383
-1.37654
-1.05
-1.33915
-1.20307
-0.35
-1.8776
-0
-2.32401
-1.75
-1.93557
-0.7
-0
-1.23181
-2.07605
-2.40831
-2.72541
-1.37775
-0.618631
-1.32157
-0.7
-0.810407
-1.4
-0.7
-0.0283524
-1.64279
-1.37861
-0.7
-1.854
-1.67506
-1.30766
-0.7
-0.492861
-2.20161
-1.70783
-0.884741
-0.62021
-1.023
-2.35972
-2.1
-3.10819
-1.38341
-2.79721
-0.35
-1.05
-2.04601
-3.0731
-1.59336
-0.35
-1.70379
-3.3361
-1.84849
-0.992551
-2.77835
-2.2761
-1.35298
-2.79011
-2.3775
-2.04683
-1.68583
-0.782373
-0.7
-2.22111
-0.319926
-1.75
-2.41927
-2.60274
-2.05716
-1.58696
-2.73159
-1.4
-0
-0.35
-1.36053
-0.35
-0.7
-0.35
-1.35897
-0.7
-1.92791
-2.37759
-0.35
-0.7
-0
-3.36602
-3.06584
-0
-0.35
-0.751336
-3.45526
-1.99571
-0
-1.7122
-0.7
-1.91495
-1.05
-0
-0
-1.31877
-0
-1.68526
-0.35
-0.659356
-2.52937
-2.27762
-0.68837
-0.35
-1.92742
-1.05
-1.8107
-2.33362
-1.30631
-0
-1.4
-0.35
-1.27261
-0.35
-0.504451
-2.27811
-2.12327
-1.39719
-0.983905
-1.36176
-0
-2.45
-2.35246
-0.686323
-3.15
-2.45166
-3.07233
-0.956485
-0.35
-1.03242
-1.4458
-0.35
-1.29234
-0.7
-1.43579
-1.52355
-1.73799
-1.05
-0.567601
-1.9603
-0.7
-0.7
-1.4
-1.16317
-0.691985
-1.57819
-2.41364
-1.68314
-0
-0.690608
-0.35
-1.03007
-2.12048
-1.05
-1.00444
-2.3806
-1.04755
-1.61162
-0.7
-2.0881
-0.598476
-1.4
-0.7
-1.74293
-0.894765
-0.7
-1.27549
-1.38319
-2.46499
-2.98292
-3.06392
-2.64255
-0.671336
-1.80424
-3.23287
-3.23448
-1.13975
-1.36607
-2.4135
-1.91423
-0.7
-0.32036
-0
-1.05
-1.65761
-1.86474
-2.75272
-1.4918
-2.01529
-1.38229
-0
-1.38699
-1.68086
-1.94689
-1.43796
-0.7
-2.21406
-3.21062
-1.12254
-1.3334
-1.07415
-2.06666
-0.304557
-0.35
-0.834568
-0
-1.67585
-0.663535
-1.68929
-3.15609
-1.27565
-1.4
-1.02245
-0
-2.1801
-2.45161
-2.62747
-3.01945
-3.09989
-2.92478
-0.384679
-1.37634
-3.1374
-1.75
-2.99835
-2.03759
-2.52252
-1.96763
-3.45051
-0.35
-0.748121
-0
-1.05
-0.35
-1.01534
-1.49956
-0.919291
-0.209496
-1.01807
-0.59555
-0.7
-1.63039
-1.75
-2.74634
-0.607374
-2.08592
-2.96789
-1.37158
-1.5576
-3.31409
-2.6536
-2.03907
-2.69935
-1.91216
-1.96051
-0.342419
-0.699565
-1.00209
-0.982242
-1.35511
-1.53469
-1.93208
-2.0873
-2.06402
-1.68716
-1.04063
-1.3891
-1.54394
-1.70378
-2.33133
-1.10743
-2.30283
-1.05
-0.7
-1.4
-1.19006
-0.7
-0.966953
-0.661088
-2.995
-0.7
-0
-0.976641
-1.78163
-0
-1.05
-3.31817
-3.15
-2.06327
-0.35
-0.68541
-0.819622
-0.35
-1.47069
-0.304725
-0.936131
-0
-0.312591
-0
-0
-2.06333
-1.04189
-0.7
-0
-0.7
-1.22403
-2.18449
-0.960244
-2.7852
-0.7
-0.7
-1.64595
-3.04161
-2.72191
-3.30734
-2.9612
-2.65595
-0.411523
-0.7
-0.703692
-1.73869
-0
-0.593852
-0
-1.4
-0.0795922
-1.0503
-0
-0.35
-0.96525
-1.05
-2.04783
-1.88832
-0.692019
-3.12725
-2.1
-2.34409
-0.510266
-0.7
-0
-0.898309
-1.12184
-1.02856
-1.69301
-1.04223
-0.626499
-1.57971
-0.689434
-1.74138
-2.27195
-2.59335
-0.944457
-2.44277
-1.18333
-2.69793
-1.75
-3.38677
-2.22678
-1.74453
-1.00994
-0.858061
-1.29527
-0.7
-1.26336
-0.596793
-2.29335
-0.641749
-1.71412
-3.23457
-2.63853
-2.45
-2.1
-1.02799
-0
-0.541705
-1.20474
-1.4123
-0.35
-0
-0.457928
-0.7
-1.82153
-1.25402
-2.45
-0.7
-2.7164
-1.4
-1.7095
-1.60116
-1.60611
-0.947941
-2.7428
-1.75
-0
-0
-1.66698
-0
-1.24099
-0.603613
-1.18312
-0.62706
-1.6691
-0
-1.00126
-2.30507
-0.96619
-2.04395
-1.63148
-2.32546
-1.04831
-1.46887
-1.4
-0.343098
-0.35
-1.78415
-1.89899
-0.497985
-0.382688
-1.00709
-1.70312
-1.58848
-2.77923
-0.35
-1.4
-0
-0.681029
-1.71276
-1.4
-0
-2.86932
-2.03716
-2.918
-1.36901
-2.40453
-2.77204
-2.6208
-0.346254
-1.4
-1.05
-0.7
-2.20707
-0
-0.95311
-0.286954
-0.7
-2.45
-0.718847
-1.28464
-1.16029
-0
-2.1
-0.690413
-2.0575
-0.35
-1.05
-0.35
-1.64267
-0.34736
-0.35
-1.05
-0.7
-2.45
-0.010059
-1.4
-1.26246
-0.7
-0
-2.07903
-1.20086
-2.03537
-2.36895
-0.955846
-1.216
-1.05
-0
-2.81352
-0.6998
-0
-1.4
-2.74813
-1.75
-0.275419
-0.238055
-0.7
-2.72132
-1.75
-1.01476
-1.7133
-2.03382
-0.682671
-0.859389
-3.03788
-2.76287
-2.22385
-2.93628
-2.38856
-1.00968
-1.02738
-0.7
-0
-1.61581
-2.0975
-2.76782
-0
-2.24588
-0.416646
-1.4
-1.67917
-0.869085
-0.924383
-0.679019
-2.53758
-3.33221
-1.39463
-2.45183
-0
-0.35
-0.781105
-1.74155
-2.45
-1.73676
-1.54597
-0.19655
-1.58047
-3.40636
-3.09289
-2.57857
-0.35
-1.02498
-0.867427
-0
-1.38703
-3.02012
-2.25832
-1.05
-0.35
-2.5961
-0.7
-0.33957
-0.996501
-2.02174
-2.1
-3.13926
-0
-0.532821
-1.70077
-2.9286
-0.671271
-0.35
-0.954127
-0.35
-0.7
-0.999877
-0.35
-1.94172
-1.47681
-0.847477
-1.69524
-3.04155
-1.16535
-1.28164
-1.38359
-1.75
-2.62927
-3.09479
-1.95499
-1.04026
-0.35
-1.89358
-1.05
-1.31488
-2.65543
-0.7
-0.6921
-1.75
-3.37405
-1.3131
-2.33406
-1.03451
-3.30357
-2.65252
-3.40289
-1.15349
-1.36785
-2.03483
-0.867556
-0.296229
-0.35
-0.47083
-0.891715
-2.41809
-1.63325
-1.05
-1.13638
-1.0033
-2.06279
-1.76729
-0.0742236
-0.324127
-2.25682
-1.75
-1.05
-0.985786
-1.04321
-1.05
-0.35
-0.948238
-2.06487
-3.05458
-0.7
-1.73937
-2.41664
-0
-0.613489
-0.656971
-2.93078
-2.69049
-2.73638
-0.675267
-0.974479
-1.93356
-2.05658
-1.63846
-2.35071
-0.35
-1.4
-1.72444
-1.93334
-1.59525
-0
-1.25385
-1.29967
-2.26031
-1.66544
-0.688302
-2.42362
-1.72534
-3.39632
-2.62461
-0.35
-0.592846
-0.7
-1.75
-2.16888
-3.1041
-0.378564
-0.76239
-1.37555
-1.86883
-2.45
-2.28272
-2.77206
-2.25521
-2.02019
-1.2376
-1.71323
-1.40458
-1.64626
-1.9331
-2.06477
-1.33956
-0.7
-0.305681
-2.04924
-1.92212
-0.7
-0.7
-0.7
-0.333281
-1.05
-0.954594
-0
-2.06879
-1.4
-1.08777
-3.53939
-1.03064
-0.526469
-0.35
-1.63612
-1.02349
-1.05
-0.712714
-0.35
-1.84911
-0.81728
-1.05
-0.444663
-1.19857
-2.06681
-2.92487
-0.938946
-1.68429
-0.35
-1.40216
-3.05334
-0.7
-2.2821
-2.37197
-0.35
-0.35
-1.44319
-2.43048
-0.620383
-2.70855
-0
-2.07796
-3.25537
-3.35944
-2.45
-3.47573
-0
-1.35287
-2.89035
-2.41646
-1.6705
-0.7
-0.7
-2.21274
-0
-0.587841
-0
-0.6551
-0.7
-2.08573
-1.05
-1.91035
-2.6166
-1.34931
-2.45
-1.34962
-0
-1.33409
-0.950797
-0.562383
-0.684249
-1.07286
-3.40914
-2.21212
-2.44186
-0.480946
-0.67924
-1.32017
-1.05364
-2.1
-3.29897
-2.49178
-2.06582
-0
-0.35
-1.4
-0
-0.7
-1.71756
-0.7
-1.05
-2.49965
-2.07067
-0.7
-0.35
-2.79051
-1.36464
-0.592296
-0
-0
-1.04405
-0
-0.35
-2.3022
-2.05481
-3.14698
-2.32469
-2.65004
-1.70393
-2.3184
-2.28829
-1.89059
-0.670282
-0.346211
-1.19815
-2.22289
-0.615455
-0.685132
-1.7
-0.899111
-1.21651
-1.16986
-1.32411
-0.283023
-0.695197
-0.596729
-1.08884
-1.38846
-2.97327
-3.37905
-2.09225
-0
-0.329505
-0.290139
-0.6485
-2.99103
-3.12901
-0.35
-1.65785
-0.991596
-3.04544
-2.04636
-1.82269
-2.03896
-2.43265
-0.693796
-0.414653
-0.95613
-0
-1.57284
-1.64061
-0.7
-1.00816
-0.7
-0
-1.98222
-1.77473
-0.637591
-2.40319
-3.35831
-2.32769
-2.79647
-1.75
-2.30822
-0.346921
-1.62318
-0.7
-1.38708
-1.20027
-1.10854
-2.8
-3.14341
-2.75367
-1.66436
-0.7
-0.35
-0
-0.6126
-1.24979
-2.7749
-1.72651
-1.61059
-2.3994
-1.4
-1.60774
-1.99616
-1.75
-0
-2.54028
-3.38316
-2.68142
-1.39584
-2.78915
-2.96198
-2.42938
-1.13639
-2.87004
-0.342137
-1.31678
-0.7
-1.62247
-0.773104
-0.35
-1.51098
-0.7
-0.600084
-1.01322
-0.35
-2.29619
-1.37832
-1.62137
-0
-0.35
-1.78692
-0.885257
-0.7
-1.72121
-1.37378
-0
-0
-1.70515
-1.8422
-2.43009
-3.09902
-1.00086
-3.04684
-1.2878
-0.461447
-1.5314
-1.05
-2.38695
-0.812234
-1.73536
-0.7323
-3.35913
-1.31724
-1.97689
-1.32438
-3.47891
-2.8
-3.40112
-2.03152
-1.00614
-0
-1.29302
-2.70713
-1.69632
-0.991239
-1.05
-1.35022
-2.47242
-1.38695
-1.4
-0.290946
-2.13414
-2.2687
-1.63791
-2.87269
-1.63343
-0.339922
-2.87318
-1.02844
-0.35
-0.35
-0.28211
-0
-0.700217
-1.30817
-2.5538
-1.75
-0.658859
-1.73908
-2.0291
-2.76561
-2.06456
-3.18641
-1.36335
-3.02681
-1.03308
-1.74503
-2.77033
-2.9207
-1.05
-1.98342
-0.35
-0.29711
-0.61275
-1.71067
-2.06654
-3.41886
-2.1452
-0.688864
-0.771656
-0.35
-1.05
-1.97053
-1.7254
-0.35
-0.800801
-0.35
-0
-1.62837
-3.03676
-2.43417
-1.4
-1.32303
-2.43623
-1.69867
-0.348583
-0
-0.592037
-0.316062
-1.6212
-0.30125
-1.41384
-0
-0.7
-0.887315
-1.9221
-2.43947
-1.04657
-1.36318
-0.7
-1.75
-1.02957
-2.4186
-2.43666
-2.0549
-3.01893
-1.75
-2.30063
-2.00025
-0.25619
-2.35596
-0.57966
-2.34485
-3.14656
-1.85227
-1.05
-1.75
-2.0092
-3.14334
-2.44318
-1.93747
-1.32071
-3.34873
-1.05
-0.35
-0.240222
-0.993558
-1.97709
-2.31223
-0
-0.7
-1.75
-1.37899
-0.502784
-0.767853
-2.97537
-3.30394
-1.60379
-1.037
-0.7
-1.4275
-1.95564
-2.61539
-2.45
-0.7
-0.738564
-1.4
-2.85025
-2.48466
-0.35
-1.4
-0
-0.215986
-0.35
-0
-0.805184
-0.960124
-0.7
-1.4
-1.72704
-0.963843
-1.4
-1.36684
-0
-1.28218
-0.636563
-0.71289
-0.569319
-1.16111
-1.27793
-2.43746
-0.35
-0.603472
-1.75
-2.26404
-3.42197
-1.9652
-2.23457
-1.50655
-3.05582
-2.91804
-3.10073
-3.13052
-2.39071
-2.09244
-1.05
-1.48856
-0.7
-0.52553
-0
-1.58477
-1.64819
-2.02766
-1.31827
-0.35
-0.387833
-0.971653
-0.332673
-0.35
-0.7
-0.676147
-0.912828
-1.71733
-0.317686
-1.4
-1.05
-1.05
-0.449158
-0.655307
-1.4
-0.878976
-0.699786
-2.66499
-0.7
-0.7
-0.522226
-0
-1.66822
-0.946043
-0.978557
-0.7
-0
-0
-0.35
-0
-0.463265
-1.67754
-2.37745
-1.95976
-3.0511
-0.687527
-2.12319
-0.0994699
-0
-0
-1.37388
-2.99512
-2.31866
-0
-0.5107
-3.09892
-2.38476
-2.99391
-2.0104
-1.75
-2.49296
-1.63732
-0.7
-2.36816
-0
-0.35
-1.37406
-0.7
-0.35
-0
-1.15882
-0.75315
-1.73199
-2.07635
-0.7
-2.40643
-1.67711
-2.41276
-0.652948
-0.934903
-0.35
-0.646554
-1.72106
-0.404812
-1.05
-0
-3.1345
-0.912614
-0.22873
-1.73205
-1.10942
-1.65912
-1.28477
-2.08764
-2.07396
-0.7
-0
-1.4
-2.39569
-0.669465
-1.05
-0.35
-1.99429
-2.1
-3.26665
-3.14806
-1.54406
-0.35
-0.981814
-0.685647
-0.592068
-1.73462
-1.05
-1.66148
-0.90266
-3.15
-1.37815
-3.31454
-3.38127
-0
-1.05
-1.04691
-1.70268
-1.60013
-1.20257
-1.54638
-0
-0.561059
-1.71482
-1.27269
-0.35
-2.65756
-2.07036
-0.325242
-0.582494
-1.38912
-0.262134
-0.503677
-0.35
-1.02761
-1.74238
-0.910171
-0.698984
-0.603971
-0.338626
-1.03656
-1.05
-0
-1.25485
-0
-1.4
-0
-1.3684
-0
-1.59755
-1.72694
-1.38986
-0.698794
-2.40235
-2.10209
-1.05
-0.837676
-0
-2.63148
-0.602764
-0.782374
-0.948456
-1.0211
-0.569774
-1.76478
-1.81104
-2.20968
-1.04584
-1.23838
-0.7
-1.39853
-2.9524
-0.295339
-0.669593
-2.05811
-2.4244
-0.35
-0
-1.22889
-1.65397
-0.35
-3.33439
-3.11752
-3.12965
-1.62257
-0.321035
-0.35
-1.98964
-1.63521
-0
-1.74926
-1.68392
-2.25563
-2.67611
-0.35
-1.05
-2.37619
-1.3861
-0.7
-0.310724
-0.661329
-2.8
-1.71613
-1.58207
-3.2374
-1.68296
-1.37658
-0.994316
-1.74926
-0.35
-0
-0.7
-1.05
-1.3587
-0
-0
-0.954624
-1.26106
-1.63963
-1.11267
-0.7
-0.435084
-0.648528
-0.7
-2.38373
-1.41682
-1.77866
-2.63022
-1.88824
-2.1
-0.7
-0.563587
-0
-0.35
-0
-2.03954
-0.86619
-2.1
-0.35
-1.3045
-1.35118
-3.08697
-1.0373
-1.71442
-1.92966
-0.35
-0.7
-0.35
-1.56101
-1.4943
-0
-2.35519
-2.82057
-1.00181
-1.51765
-3.01166
-3.47897
-3.5
-2.86373
-1.05
-0.999995
-1.62842
-0.696321
-0.7
-1.33078
-2.44712
-0.35
-2.15572
-0.947051
-0.297431
-3.39659
-2.04459
-2.36075
-1.60766
-0
-0.7
-2.37561
-0.7
-1.05
-0.864032
-2.1
-1.39588
-2.72155
-1.05
-0.35
-0.981855
-1.48459
-2.7601
-0
-2.68129
-0
-1.37229
-0.35
-1.01383
-0
-1.06851
-2.90339
-0.35
-1.55932
-0.518321
-2.31057
-2.40279
-0
-1.03377
-2.37386
-2.34296
-2.45
-1.74429
-0.636076
-0.7
-1.4
-1.00667
-1.78244
-1.04443
-1.31193
-2.26695
-2.69102
-1.67859
-0.610145
-3.38773
-2.45
-0.35
-1.80318
-1.43284
-2.14584
-1.4
-1.4
-0.581551
-1.33422
-1.4
-1.04209
-1.87387
-1.05
-1.4
-0
-0
-0.35
-1.45744
-0
-0.602607
-0.970086
-1.04813
-0.829078
-0
-2.2602
-3.29056
-3.1586
-1.83605
-1.38145
-2.72739
-0.969476
-1.34247
-1.89107
-2.29283
-0.7
-1.05
-0.35
-0.7
-0.999234
-0.422864
-1.1945
-1.55033
-2.6713
-0.648417
-1.4
-3.40275
-3.14884
-2.77285
-2.42493
-1.54258
-1.60215
-2.59171
-1.4
-1.75896
-0.560238
-1.05
-1.00852
-0.329706
-3.40597
-1.39485
-0.930682
-1.69593
-1.70694
-0
-0.233722
-1.61809
-1.75
-2.92776
-2.38037
-0.277625
-0.35
-0.744874
-2.09895
-1.21873
-1.58108
-2.74336
-2.08662
-2.01254
-0.35
-1.03523
-0.35
-2.61428
-1.29738
-2.19429
-2.77502
-2.75639
-0.35
-0.496999
-2.07264
-1.4
-1.25633
-0.998673
-0.926751
-1.64309
-1.4
-0
-1.32881
-0.667292
-1.66575
-0.746863
-1.01459
-0.236285
-0.7
-0.7
-0.35
-2.1
-0.694357
-1.67116
-0.434047
-2.33522
-0
-2.1
-1.26769
-3.07685
-3.07024
-3.46925
-3.41835
-3.35507
-3.42152
-1.71398
-0.955226
-1.72945
-0.907991
-1.66898
-3.17254
-2.62618
-2.35122
-1.95726
-1.05
-0.35
-1.05
-1.82643
-1.2072
-0.314468
-1.48449
-1.75525
-1.73415
-2.02646
-0.7
-3.08118
-3.31285
-0.742642
-1.4
-0
-2.44118
-2.00702
-2.71968
-1.60466
-1.71519
-0
-0.986671
-2.4054
-0.69413
-1.36534
-0
-1.02934
-2.19144
-0.979514
-1.4
-0
-1.88142
-2.23967
-0.837004
-1.4
-1.05
-0.7
-0
-0
-0
-0.913996
-0.573029
-1.47739
-1.61873
-0.362708
-1.38524
-0.138656
-0.962021
-0.843833
-0
-0.932444
-0
-2.61712
-0.690706
-0.35
-0.577603
-1.32623
-0.612421
-2.05265
-3.20432
-2.28251
-1.33121
-0.65993
-1.61152
-0.35
-1.05
-1.66611
-2.79768
-0.697676
-1.63858
-1.01677
-1.01145
-0.35
-0.696753
-1.6188
-1.90646
-1.3586
-0
-1.36651
-0
-0.990799
-0.7
-0.35
-0.7
-1.11241
-1.64757
-0.35
-0.343651
-2.77573
-2.83059
-1.31542
-1.96417
-1.75
-2.79572
-2.42468
-2.0074
-2.84907
-3.14307
-2.17743
-3.23495
-1.73197
-0.7
-3.15
-2.15757
-1.75
-0
-2.5094
-3.01982
-0.649016
-3.19355
-1.81094
-1.05
-1.27406
-2.41591
-2.32895
-2.01465
-0.35
-1.4964
-3.14738
-2.46735
-2.22366
-2.20157
-2.68395
-3.43194
-2.75666
-2.75035
-1.73413
-0.35
-2.38553
-1.71799
-0.881016
-2.76932
-1.39616
-2.09061
-2.75637
-1.69997
-1.38014
-0.236182
-1.38256
-1.6961
-2.70897
-1.53595
-1.95687
-2.68388
-1.4
-2.36592
-2.97467
-1.03607
-1.81397
-1.81211
-0.999839
-1.35272
-1.69509
-2.17078
-0.35
-0
-0
-0.35
-0.35
-1.05
-0.345683
-0.662359
-1.52512
-0.35
-0.35
-0
-1.04613
-1.75
-0.72115
-2.54558
-1.9713
-2.20389
-1.383
-0.35
-0.485744
-0
-2.05653
-2.45
-2.03204
-1.34586
-0.88075
-1.32291
-2.27071
-0.35
-0.98526
-2.04704
-3.23281
-3.35482
-1.05
-0.699395
-2.78375
-1.25282
-1.95247
-0.7
-1.05
-0
-0
-0.7
-1.2134
-0.7
-0
-1.4
-1.60294
-0.35
-0.471146
-0.35
-1.76201
-2.38986
-1.05
-1.41511
-1.94135
-3.09447
-4.10936
-3.94586
-3.94586
-3.26347
-3.91848
-2.02489
-1.43341
-1.02974
-1.01617
-0
-2.03856
-0
-0.35
-1.93034
-2.03034
-0.7
-1.35396
-2.82693
-0.7
-2.41383
-2.71682
-1.12325
-2.1
-1.71384
-3.4727
-2.42212
-1.8302
-2.45971
-1.64591
-0.384196
-1.01929
-0.35
-0
-2.08024
-1.75
-0.960903
-1.50413
-0.964728
-0
-3.13735
-2.0678
-2.24785
-1.75
-2.01192
-0
-0.506385
-1.62659
-1.83867
-2.75249
-0
-0.668179
-0.35
-1.19534
-1.05
-0.65144
-1.05
-1.4
-3.25188
-2.08905
-1.17624
-2.36781
-1.11733
-1.41383
-1.95952
-1.29132
-1.3944
-0
-1.4
-1.05
-2.3887
-2.44959
-2.3524
-1.00436
-2.31213
-1.4
-1.64448
-2.35823
-2.1
-1.5228
-0.958851
-0.949123
-2.75872
-1.53366
-0.35
-2.09416
-1.70385
-1.05
-0.35
-1.05
-0.983454
-1.12701
-0.997168
-3.0074
-3.3439
-1.67309
-1.07648
-2.94249
-3.22219
-1.33597
-0.684633
