(2.0, -10.0, 10.0, 10.0)
(2.01, -10.0, 10.0, 10.0)
(2.02, -10.0, 10.0, 10.0)
(2.03, -10.0, 10.0, 10.0)
(2.04, -10.0, 10.0, 10.0)
(2.05, -10.0, 10.0, 10.0)
(2.06, -10.0, 10.0, 10.0)
(2.07, -10.0, 10.0, 10.0)
(2.08, -10.0, 10.0, 10.0)
(2.09, -10.0, 10.0, 10.0)
(2.1, -10.0, 10.0, 10.0)
(2.11, -10.0, 10.0, 10.0)
(2.12, -10.0, 10.0, 10.0)
(2.13, -10.0, 10.0, 10.0)
(2.14, -10.0, 10.0, 10.0)
(2.15, -10.0, 10.0, 10.0)
(2.16, -10.0, 10.0, 10.0)
(2.17, -10.0, 10.0, 10.0)
(2.18, -10.0, 10.0, 10.0)
(2.19, -10.0, 10.0, 10.0)
(2.2, -10.0, 10.0, 10.0)
(2.21, -10.0, 10.0, 10.0)
(2.22, -10.0, 10.0, 10.0)
(2.23, -10.0, 10.0, 10.0)
(2.24, -10.0, 10.0, 10.0)
(2.25, -10.0, 10.0, 10.0)
(2.26, -10.0, 10.0, 10.0)
(2.27, -10.0, 10.0, 10.0)
(2.28, -10.0, 10.0, 10.0)
(2.29, -10.0, 10.0, 10.0)
(2.3, -9.934440992427186, 10.0, 10.0)
(2.31, -9.679180110179875, 10.0, 10.0)
(2.32, -9.431538486907911, 10.0, 10.0)
(2.33, -9.191257312083208, 10.0, 10.0)
(2.34, -8.958087623456283, 10.0, 10.0)
(2.35, -8.731789892426217, 10.0, 10.0)
(2.36, -8.512133628532437, 10.0, 10.0)
(2.37, -8.298897002110095, 10.0, 10.0)
(2.38, -8.091866484203011, 10.0, 10.0)
(2.39, -7.8908365028765415, 10.0, 10.0)
(2.4, -7.695609115119172, 10.0, 10.0)
(2.41, -7.505993693564364, 10.0, 10.0)
(2.42, -7.321806627305671, 10.0, 10.0)
(2.43, -7.142871036115986, 10.0, 10.0)
(2.44, -6.969016497418769, 10.0, 10.0)
(2.45, -6.800078785392722, 10.0, 10.0)
(2.46, -6.635899621624349, 10.0, 10.0)
(2.47, -6.476326436752724, 10.0, 10.0)
(2.48, -6.321212142580254, 10.0, 10.0)
(2.49, -6.170414914149852, 10.0, 10.0)
(2.5, -6.023797981315068, 10.0, 10.0)
(2.51, -5.88122942935379, 10.0, 10.0)
(2.52, -5.742582008199094, 10.0, 10.0)
(2.53, -5.6077329498827195, 10.0, 10.0)
(2.54, -5.476563793806704, 10.0, 10.0)
(2.55, -5.348960219478742, 10.0, 10.0)
(2.56, -5.224811886364478, 10.0, 10.0)
(2.57, -5.104012280527981, 10.0, 10.0)
(2.58, -4.986458567747436, 10.0, 10.0)
(2.59, -4.872051452809131, 10.0, 10.0)
(2.6, -4.760695044697232, 10.0, 10.0)
(2.61, -4.652296727410921, 10.0, 10.0)
(2.62, -4.54676703615355, 10.0, 10.0)
(2.63, -4.4440195386511165, 10.0, 10.0)
(2.64, -4.343970721368989, 10.0, 10.0)
(2.65, -4.246539880407305, 10.0, 10.0)
(2.66, -4.151649016865842, 10.0, 10.0)
(2.67, -4.059222736479449, 10.0, 10.0)
(2.68, -3.9691881533345024, 10.0, 10.0)
(2.69, -3.8814747974861668, 10.0, 10.0)
(2.7, -3.796014526304515, 10.0, 10.0)
(2.71, -3.7127414393861113, 10.0, 10.0)
(2.72, -3.631591796874996, 10.0, 10.0)
(2.73, -3.552503941044773, 10.0, 9.704097163092456)
(2.74, -3.4754182210001083, 10.0, 9.212115193768337)
(2.75, -3.400276920362929, 10.0, 8.744558305637916)
(2.76, -3.3270241878145317, 10.0, 8.30017113393226)
(2.77, -3.2556059703711706, 10.0, 7.877766124499008)
(2.78, -3.1859699492761107, 10.0, 7.4762196701466035)
(2.79, -3.1180654783965833, 10.0, 7.094468479133366)
(2.8, -3.051843525019339, 9.783349686137043, 6.7315061611177045)
(2.81, -2.987256612943194, 9.373636629803407, 6.386380016860214)
(2.82, -2.9242587677717697, 8.982446786649234, 6.058188018877464)
(2.83, -2.8628054643138485, 8.608881435404655, 5.746075971090806)
(2.84, -2.8028535760031987, 8.252088412304538, 5.449234836301339)
(2.85, -2.744361326253474, 7.911259547306438, 5.166898221052964)
(2.86, -2.687288241667789, 7.585628249796174, 4.898340008128384)
(2.87, -2.6315951070260297, 7.274467234583342, 4.642872127557312)
(2.88, -2.5772439219765313, 6.977086379585056, 4.399842457608525)
(2.89, -2.524197859361891, 6.692830707150371, 4.16863284778848)
(2.9, -2.4724212251119844, 6.421078481496057, 3.9486572563840725)
(2.91, -2.421879419639981, 6.161239415205559, 3.739359995565578)
(2.92, -2.372538900680248, 5.91275297819437, 3.540214077514122)
(2.93, -2.3243671475094905, 5.675086802963662, 3.3507196554541716)
(2.94, -2.277332626495228, 5.447735180356779, 3.170402553861551)
(2.95, -2.231404757918006, 5.23021764039823, 2.998812882480224)
(2.96, -2.1865538840161953, 5.022077613136881, 2.835523729120686)
(2.97, -2.142751238204339, 4.822881164733432, 2.680129926529093)
(2.98, -2.0999689154182613, 4.632215804330827, 2.532246888912566)
(2.99, -2.058179843542012, 4.449689357523762, 2.3915095139817497)
(3.0, -2.0173577558737996, 4.274928902504382, 2.257571146630583)
(3.01, -1.977477164589793, 4.107579765203874, 2.130102600614081)
(3.02, -1.938513335166496, 3.9473045699772387, 2.008791234810743)
(3.03, -1.9004422617240324, 3.7937823425911303, 1.893340080867098)
(3.04, -1.86324064325428, 3.646707662473344, 1.7834670192190638)
(3.05, -1.826885860699347, 3.5057898613689016, 1.6789040006695546)
(3.06, -1.7913559548472928, 3.3707522657214883, 1.5793963108741955)
(3.07, -1.756629605013433, 3.241331480262237, 1.484701875248804)
(3.08, -1.7226861084768392, 3.117276710440206, 1.394590601963367)
(3.09, -1.6895053606429744, 2.9983491214720033, 1.3088437608290289)
(3.1, -1.657067835904558, 2.8843212319216547, 1.2272533960170966)
(3.11, -1.625354569173953, 2.7749763398473175, 1.1496217706733645)
(3.12, -1.5943471380614327, 2.6701079796687828, 1.07576084160735)
(3.13, -1.5640276456747921, 2.5695194080199926, 1.0054917623452004)
(3.14, -1.5343787040167183, 2.4730231169538066, 0.9386444129370883)
(3.15, -1.505383417957344, 2.3804403729631676, 0.8750569550058236)
(3.16, -1.4770253697603182, 2.291600780373534, 0.8145754106132159)
(3.17, -1.4492886041415882, 2.206341867746505, 0.7570532636049168)
(3.18, -1.4221576138409668, 2.12450869601453, 0.7023510821735632)
(3.19, -1.3956173256873379, 2.045953487141467, 0.6503361614541292)
(3.2, -1.3696530871391295, 1.9705352721741052, 0.6008821850349757)
(3.21, -1.344250653282436, 1.8981195576158154, 0.5538689043333793)
(3.22, -1.3193961742698594, 1.8285780091154846, 0.5091818348456252)
(3.23, -1.2950761831838153, 1.7617881515230664, 0.4667119683392511)
(3.24, -1.27127758430873, 1.697633084417899, 0.426355500109169)
(3.25, -1.2479876417971114, 1.6360012122671381, 0.3880135704700267)
(3.26, -1.2251939687151372, 1.5767859884201143, 0.3515920197049771)
(3.27, -1.202884516453924, 1.519885672189696, 0.31700115573577214)
(3.28, -1.1810475644932013, 1.465203098314414, 0.2841555338212127)
(3.29, -1.1596717105046346, 1.4126454581352361, 0.25297374763060154)
(3.3, -1.1387458607825525, 1.3621240918586095, 0.22337823107605703)
(3.31, -1.118259220990277, 1.3135542913127958, 0.1952950703225187)
(3.32, -1.0982012872107536, 1.266855112637979, 0.1686538254272254)
(3.33, -1.0785618372905759, 1.2219491983819568, 0.14338736109138095)
(3.34, -1.0593309224669858, 1.1787626085028942, 0.11943168603590837)
(3.35, -1.0404988592677207, 1.1372246598082225, 0.09672580054050184)
(3.36, -1.022056221674107, 1.0972677733852427, 0.0752115517111358)
(3.37, -1.0039938335380467, 1.0588273296033857, 0.05483349606533894)
(3.38, -0.9863027612439673, 1.0218415302914645, 0.0355387690474972)
(3.39, -0.968974306607127, 0.986251267715087, 0.017276961107959954)
(3.4, -0.952, 0.952, 0.0)
(3.41, -0.9353715936987537, 0.9190336326665404, -0.0163379610322133)
(3.42, -0.919081055442184, 0.8873004059587385, -0.0317806494834455)
(3.43, -0.903120562195695, 0.8567507876687693, -0.0463697745269257)
(3.44, -0.8874824941132524, 0.8273373711738227, -0.06014512293942975)
(3.45, -0.8721594286904517, 0.799014778417705, -0.07314465027274675)
(3.46, -0.8571441351021383, 0.7717395675840258, -0.08540456751811243)
(3.47, -0.8424295687182276, 0.7454701452214064, -0.09695942349682118)
(3.48, -0.8280088657916406, 0.7201666825940747, -0.10784218319756589)
(3.49, -0.8138753383124591, 0.695791036043298, -0.11808430226916111)
(3.5, -0.800022469022669, 0.6723066711566466, -0.1277157978660225)
(3.51, -0.7864439065860117, 0.649678590552802, -0.13676531603320974)
(3.52, -0.773133460907713, 0.627873265099935, -0.14526019580777794)
(3.53, -0.7600850985990301, 0.6068585683952703, -0.15322653020375976)
(3.54, -0.7472929385817227, 0.5866037143425488, -0.16068922423917398)
(3.55, -0.7347512478277829, 0.5670791976727775, -0.16767205015500541)
(3.56, -0.7224544372298629, 0.5482567372616785, -0.17419769996818446)
(3.57, -0.7103970575980698, 0.5301092221050371, -0.18028783549303273)
(3.58, -0.6985737957788936, 0.512610659820306, -0.1859631359585876)
(3.59, -0.6869794708922362, 0.49573612754976554, -0.19124334334247067)
(3.6, -0.6756090306826156, 0.4794617251469574, -0.19614730553565818)
(3.61, -0.664457547980789, 0.46376453053428845, -0.2006930174465006)
(3.62, -0.6535202172721494, 0.4486225571254593, -0.20489766014669009)
(3.63, -0.6427923513683993, 0.4340147132118862, -0.20877763815651307)
(3.64, -0.6322693781791107, 0.41992076321743627, -0.2123486149616744)
(3.65, -0.6219468375799228, 0.4063212907307425, -0.21562554684918023)
(3.66, -0.6118203783742127, 0.39319766322895455, -0.2186227151452581)
(3.67, -0.6018857553452232, 0.3805319984112288, -0.22135375693399434)
(3.68, -0.5921388263957008, 0.3683071320643675, -0.22383169433133332)
(3.69, -0.5825755497722338, 0.35650658738699625, -0.22606896238523755)
(3.7, -0.5731919813715413, 0.34511454570234584, -0.22807743566919542)
(3.71, -0.5639842721261051, 0.3341158184932906, -0.22986845363281455)
(3.72, -0.5549486654665794, 0.3234958206965729, -0.2314528447700065)
(3.73, -0.5460814948585396, 0.3132405451963628, -0.23284094966217683)
(3.74, -0.537379181411196, 0.30333653846025954, -0.23404264295093646)
(3.75, -0.5288382315557811, 0.2937708772637038, -0.2350673542920773)
(3.76, -0.5204552347914114, 0.2845311464514529, -0.23592408833995854)
(3.77, -0.5122268614962775, 0.27560541768731794, -0.23662144380895955)
(3.78, -0.5041498608021159, 0.26698222914579073, -0.23716763165632515)
(3.79, -0.4962210585299583, 0.25865056610146253, -0.23757049242849576)
(3.8, -0.4884373551852499, 0.25059984237432986, -0.23783751281092003)
(3.81, -0.4807957240104652, 0.24281988259112128, -0.23797584141934394)
(3.82, -0.47329320909344025, 0.23530090522475522, -0.23799230386868503)
(3.83, -0.4659269235296738, 0.22803350637586817, -0.23789341715380563)
(3.84, -0.4586940476369362, 0.2210086442621385, -0.2376854033747977)
(3.85, -0.4515918272205523, 0.21421762438277014, -0.23737420283778216)
(3.86, -0.4446175718878028, 0.20765208532710666, -0.23696548656069616)
(3.87, -0.43776865340992593, 0.20130398519783596, -0.23646466821208997)
(3.88, -0.43104250413026063, 0.19516558862067832, -0.2358769155095823)
(3.89, -0.4244366154171119, 0.1892294543137956, -0.23520716110331633)
(3.9, -0.41794853615997646, 0.18348842319145708, -0.23446011296851937)
(3.91, -0.4115758713078015, 0.17793560697770588, -0.2336402643300956)
(3.92, -0.40531628044800316, 0.17256437730693738, -0.23275190314106578)
(3.93, -0.39916747642500305, 0.16736835528939642, -0.23179912113560663)
(3.94, -0.39312722399709, 0.16234140152064935, -0.23078582247644064)
(3.95, -0.3871933385304487, 0.15747760651507844, -0.22971573201537024)
(3.96, -0.38136368472923915, 0.1527712815443934, -0.22859240318484575)
(3.97, -0.3756361754006364, 0.14821694986304376, -0.2274192255375926)
(3.98, -0.370008770253794, 0.1438093383032825, -0.22619943195051148)
(3.99, -0.3644794747317065, 0.13954336922342508, -0.22493610550828141)
(4.0, -0.3590463388749999, 0.1354141527936358, -0.22363218608136412)
(4.01, -0.35370745621669153, 0.1314169796042886, -0.22229047661240292)
(4.02, -0.3484609627070073, 0.12754731358266216, -0.22091364912434516)
(4.03, -0.34330503566736503, 0.12380078520438105, -0.219504250462984)
(4.04, -0.3382378927726609, 0.12017318498664922, -0.2180647077860117)
(4.05, -0.3332577910610279, 0.11666045725091985, -0.21659733381010804)
(4.06, -0.3283630259702573, 0.11325869414321836, -0.21510433182703892)
(4.07, -0.3235519304001054, 0.10996412990087673, -0.21358780049922865)
(4.08, -0.31882287379972546, 0.10677313535495345, -0.212049738444772)
(4.09, -0.3141742612794911, 0.10368221265810287, -0.21049204862138823)
(4.1, -0.30960453274650584, 0.10068799022813256, -0.20891654251837327)
(4.11, -0.30511216206310965, 0.09778721789792574, -0.2073249441651839)
(4.12, -0.30069565622771677, 0.0949767622628332, -0.20571889396488358)
(4.13, -0.296353554577335, 0.09225360221703936, -0.2040999523602956)
(4.14, -0.29208442801115236, 0.08961482467080045, -0.2024696033403519)
(4.15, -0.28788687823457537, 0.08705762044080799, -0.20082925779376737)
(4.16, -0.28375953702314083, 0.08457928030628913, -0.1991802567168517)
(4.17, -0.2797010655057218, 0.0821771912237774, -0.19752387428194443)
(4.18, -0.27571015346649086, 0.07984883269381926, -0.1958613207726716)
(4.19, -0.2717855186650958, 0.0775917732731672, -0.19419374539192863)
(4.2, -0.26792590617453693, 0.07540366722630965, -0.1925222389482273)
(4.21, -0.2641300877362377, 0.07328225131045443, -0.19084783642578326)
(4.22, -0.2603968611318309, 0.07122534168835086, -0.18917151944348004)
(4.23, -0.25672504957118414, 0.06923083096357874, -0.1874942186076054)
(4.24, -0.2531135010962071, 0.0672966853331719, -0.18581681576303521)
(4.25, -0.24956108799999988, 0.06542094185267193, -0.18414014614732793)
(4.26, -0.24606670626091182, 0.06360170580892213, -0.18246500045198968)
(4.27, -0.24262927499109474, 0.061837148196117915, -0.18079212679497683)
(4.28, -0.23924773589914464, 0.06012550329082652, -0.1791222326083181)
(4.29, -0.23592105276644507, 0.058465066321877895, -0.17745598644456717)
(4.3, -0.23264821093682442, 0.05685419123120289, -0.17579401970562153)
(4.31, -0.22942821681916495, 0.0552912885218716, -0.17413692829729335)
(4.32, -0.22626009740260344, 0.053774823189743276, -0.17248527421286017)
(4.33, -0.22314289978397733, 0.05230331273529638, -0.17083958704868096)
(4.34, -0.22007569070717764, 0.050875325252354324, -0.1692003654548233)
(4.35, -0.21705755611408387, 0.04948947759056583, -0.16756807852351804)
(4.36, -0.2140876007067652, 0.048144433588633746, -0.16594316711813145)
(4.37, -0.21116494752063789, 0.04683890237541361, -0.16432604514522428)
(4.38, -0.20828873750827961, 0.04557163673612711, -0.1627171007721525)
(4.39, -0.20545812913361577, 0.044341431541056235, -0.16111669759255953)
(4.4, -0.20267229797619138, 0.0431471222341913, -0.1595251757420001)
(4.41, -0.19993043634526012, 0.04198758337941818, -0.15794285296584193)
(4.42, -0.1972317529034193, 0.04086172726192798, -0.15637002564149133)
(4.43, -0.194575472299542, 0.03976850254263638, -0.1548069697569056)
(4.44, -0.19196083481074955, 0.038706892963487276, -0.15325394184726226)
(4.45, -0.18938709599318515, 0.03767591610160916, -0.15171117989157598)
(4.46, -0.1868535263413516, 0.036674622170376245, -0.15017890417097535)
(4.47, -0.18435941095578715, 0.03570209286550925, -0.14865731809027788)
(4.48, -0.18190404921885334, 0.034757440254427535, -0.1471466089644258)
(4.49, -0.17948675447842485, 0.033839805707141145, -0.1456469487712837)
(4.5, -0.17710685373926358, 0.032948358867038764, -0.14415849487222482)
(4.51, -0.17476368736188352, 0.03208229666000227, -0.14268139070188124)
(4.52, -0.17245660876870025, 0.03124084234033671, -0.14121576642836353)
(4.53, -0.17018498415727806, 0.030423244572072454, -0.1397617395852056)
(4.54, -0.1679481922204866, 0.02962877654425369, -0.1383194156762329)
(4.55, -0.1657456238733849, 0.028856735118884015, -0.1368888887545009)
(4.56, -0.16357668198665842, 0.028106440010256705, -0.13547024197640173)
(4.57, -0.1614407811264368, 0.02737723299444756, -0.13406354813198926)
(4.58, -0.15933734730032773, 0.026668477147799633, -0.1326688701525281)
(4.59, -0.1572658177095016, 0.02597955611327541, -0.1312862615962262)
(4.6, -0.15522564050667478, 0.025309873393600246, -0.12991576711307454)
(4.61, -0.15321627455983425, 0.0246588516701623, -0.12855742288967195)
(4.62, -0.15123718922156054, 0.024025932146678686, -0.12721125707488184)
(4.63, -0.14928786410379746, 0.02341057391667427, -0.12587729018712318)
(4.64, -0.1473677888579361, 0.02281225335386264, -0.12455553550407347)
(4.65, -0.14547646296007088, 0.022230463524551346, -0.12324599943551953)
(4.66, -0.14361339550130012, 0.02166471362123198, -0.12194868188006813)
(4.67, -0.14177810498293567, 0.021114528416546565, -0.1206635765663891)
(4.68, -0.13997011911650442, 0.0205794477368576, -0.11939067137964682)
(4.69, -0.13818897462841268, 0.02005902595467656, -0.11812994867373611)
(4.7, -0.13643421706915965, 0.019552831499238, -0.11688138556992164)
(4.71, -0.13470540062698208, 0.019060446384533348, -0.11564495424244874)
(4.72, -0.13300208794581933, 0.018581465754146494, -0.11442062219167284)
(4.73, -0.13132384994748944, 0.01811549744225916, -0.11320835250523029)
(4.74, -0.12967026565797024, 0.01766216155021909, -0.11200810410775115)
(4.75, -0.12804092203768216, 0.017221090038088024, -0.11081983199959414)
(4.76, -0.12643541381567205, 0.01679192633060949, -0.10964348748506256)
(4.77, -0.12485334332760202, 0.016374324937058895, -0.10847901839054312)
(4.78, -0.12329432035744596, 0.015967951084458528, -0.10732636927298743)
(4.79, -0.12175796198280299, 0.015572480363661446, -0.10618548161914154)
(4.8, -0.12024389242373706, 0.015187598387826946, -0.10505629403591012)
(4.81, -0.11875174289505584, 0.014813000462829252, -0.10393874243222659)
(4.82, -0.11728115146194319, 0.014448391269158888, -0.10283276019278431)
(4.83, -0.11583176289886275, 0.014093484554893235, -0.10173827834396952)
(4.84, -0.11440322855165111, 0.013748002839329119, -0.100655225712322)
(4.85, -0.1129952062027231, 0.013411677126886465, -0.09958352907583663)
(4.86, -0.11160735993931228, 0.013084246630906734, -0.09852311330840555)
(4.87, -0.11023936002467281, 0.012765458506984696, -0.09747390151768812)
(4.88, -0.10889088277216827, 0.01245506759548539, -0.09643581517668287)
(4.89, -0.10756161042217947, 0.01215283617291251, -0.09540877424926697)
(4.9, -0.10625123102176127, 0.011858533711806393, -0.09439269730995488)
(4.91, -0.10495943830698243, 0.011571936648862658, -0.09338750165811976)
(4.92, -0.10368593158788045, 0.011292828160973345, -0.0923931034269071)
(4.93, -0.1024304156359734, 0.01102099794890574, -0.09140941768706766)
(4.94, -0.10119260057426131, 0.010756242028342427, -0.09043635854591889)
(4.95, -0.09997220176966166, 0.010498362528018848, -0.08947383924164282)
(4.96, -0.09876893972781647, 0.010247167494702775, -0.0885217722331137)
(4.97, -0.09758253999021757, 0.010002470704771444, -0.08758006928544612)
(4.98, -0.09641273303359144, 0.009764091482149762, -0.08664864155144167)
(4.99, -0.09525925417149227, 0.009531854522383369, -0.0857273996491089)
(5.0, -0.09412184345804794, 0.009305589722627398, -0.08481625373542054)
(5.01, -0.09300024559380948, 0.009085132017341261, -0.08391511357646822)
(5.02, -0.09189420983365297, 0.00887032121948681, -0.08302388861416617)
(5.03, -0.0908034898966861, 0.008661001867035268, -0.08214248802965084)
(5.04, -0.08972784387811085, 0.008457023074595206, -0.08127082080351564)
(5.05, -0.08866703416299647, 0.008258238389981076, -0.08040879577301539)
(5.06, -0.08762082734191749, 0.008064505655548443, -0.07955632168636904)
(5.07, -0.0865889941284141, 0.007875686874128712, -0.0787133072542854)
(5.08, -0.08557130927822976, 0.007691648079401732, -0.07787966119882803)
(5.09, -0.08456755151028639, 0.007512259210551411, -0.07705529229973497)
(5.1, -0.08357750342935534, 0.00733739399105452, -0.07624010943830083)
(5.11, -0.08260095145038457, 0.0071669298114588114, -0.07543402163892576)
(5.12, -0.08163768572444496, 0.007000747616011812, -0.07463693810843315)
(5.13, -0.08068750006625483, 0.006838731793006172, -0.07384876827324866)
(5.14, -0.07975019188324971, 0.006680770068713391, -0.07306942181453632)
(5.15, -0.07882556210615854, 0.006526753404781364, -0.07229880870137717)
(5.16, -0.07791341512105368, 0.00637657589897651, -0.07153683922207717)
(5.17, -0.07701355870283877, 0.006230134689155034, -0.07078342401368373)
(5.18, -0.07612580395014268, 0.006087329860352478, -0.0700384740897902)
(5.19, -0.07524996522158689, 0.005948064354884493, -0.0693019008667024)
(5.2, -0.07438586007339425, 0.00581224388535566, -0.06857361618803859)
(5.21, -0.07353330919830854, 0.005679776850476941, -0.0678535323478316)
(5.22, -0.07269213636579563, 0.005550574253596038, -0.0671415621121996)
(5.23, -0.07186216836349563, 0.0054245496238481, -0.06643761873964753)
(5.24, -0.07104323493989922, 0.005301618939837939, -0.06574161600006129)
(5.25, -0.07023516874821788, 0.005181700555767481, -0.06505346819245039)
(5.26, -0.0694378052914237, 0.005064715129926122, -0.06437309016149757)
(5.27, -0.06865098286843048, 0.004950585555463798, -0.06370039731296669)
(5.28, -0.06787454252139045, 0.0048392368933697924, -0.06303530562802066)
(5.29, -0.06710832798408217, 0.004730596307583139, -0.062377731676499036)
(5.3, -0.06635218563136414, 0.004624593002162821, -0.061727592629201314)
(5.31, -0.06560596442967118, 0.004521158160448824, -0.06108480626922235)
(5.32, -0.06486951588852878, 0.004420224886147152, -0.06044929100238163)
(5.33, -0.06414269401306445, 0.004321728146274806, -0.059820965866789644)
(5.34, -0.06342535525749139, 0.004225604715902302, -0.05919975054158909)
(5.35, -0.06271735847954542, 0.004131793124634252, -0.05858556535491117)
(5.36, -0.0620185648958516, 0.004040233604769912, -0.05797833129108169)
(5.37, -0.0613288380382019, 0.003950868041088236, -0.05737796999711366)
(5.38, -0.060648043710721355, 0.003863639922203328, -0.056784403788518026)
(5.39, -0.05997604994790548, 0.003778494293438711, -0.05619755565446677)
(5.4, -0.05931272697350805, 0.003695377711170073, -0.055617349262337974)
(5.41, -0.05865794716026106, 0.003614238198588213, -0.05504370896167285)
(5.42, -0.05801158499040799, 0.003535025202835431, -0.05447655978757256)
(5.43, -0.05737351701703375, 0.003457689553470442, -0.053915827463563305)
(5.44, -0.05674362182617181, 0.0033821834222180695, -0.05336143840395374)
(5.45, -0.056121779999674264, 0.0033084602839620154, -0.05281331971571225)
(5.46, -0.05550787407882458, 0.003236474878939753, -0.05227139919988483)
(5.47, -0.054901788528680114, 0.003166183176100748, -0.051735605352579365)
(5.48, -0.05430340970312669, 0.0030975423375899525, -0.05120586736553674)
(5.49, -0.053712625810630465, 0.0030305106843201745, -0.05068211512631029)
(5.5, -0.05312932688067076, 0.0029650476625978626, -0.0501642792180729)
(5.51, -0.05255340473084106, 0.002901113811768475, -0.049652290919072584)
(5.52, -0.05198475293460206, 0.0028386707328483377, -0.04914608220175372)
(5.53, -0.0514232667896732, 0.002777681058111246, -0.04864558573156195)
(5.54, -0.05086884328704954, 0.0027181084215991648, -0.04815073486545038)
(5.55, -0.050321381080629134, 0.002659917430527206, -0.047661463650101925)
(5.56, -0.04978078045743923, 0.0026030736375543735, -0.047177706819884854)
(5.57, -0.04924694330844755, 0.0025475435138922766, -0.04669939979455527)
(5.58, -0.048719773099946614, 0.0024932944232250853, -0.04622647867672153)
(5.59, -0.048199174845498224, 0.0024402945964148203, -0.0457588802490834)
(5.6, -0.04768505507842717, 0.0023885131069670516, -0.045296541971460116)
(5.61, -0.04717732182485119, 0.0023379198472327526, -0.04483940197761844)
(5.62, -0.046675884577237405, 0.0022884855053230974, -0.04438739907191431)
(5.63, -0.04618065426847194, 0.0022401815427144285, -0.04394047272575751)
(5.64, -0.0456915432464339, 0.0021929801725217857, -0.043498563073912117)
(5.65, -0.04520846524906211, 0.0021468543384198075, -0.0430616109106423)
(5.66, -0.04473133537990388, 0.0021017776941905895, -0.04262955768571329)
(5.67, -0.044260070084136335, 0.002057724583878845, -0.04220234550025749)
(5.68, -0.04379458712504998, 0.0020146700225352875, -0.04177991710251469)
(5.69, -0.04333480556098496, 0.0019725896775298034, -0.04136221588345515)
(5.7, -0.04288064572271053, 0.0019314598504166108, -0.040949185872293924)
(5.71, -0.04243202919123808, 0.0018912574593341178, -0.04054077173190396)
(5.72, -0.0419888787760592, 0.001851960021922894, -0.04013691875413631)
(5.73, -0.0415511184937999, 0.0018135456387455887, -0.03973757285505431)
(5.74, -0.041118673547281714, 0.0017759929771931986, -0.039342680570088516)
(5.75, -0.04069147030498174, 0.0017392812558626168, -0.038952189049119124)
(5.76, -0.0402694362808833, 0.0017033902293908827, -0.03856604605149242)
(5.77, -0.03985250011470928, 0.0016683001737320415, -0.03818419994097724)
(5.78, -0.03944059155252955, 0.0016339918718628835, -0.037806599680666665)
(5.79, -0.03903364142773575, 0.0016004465999044626, -0.037433194827831286)
(5.8, -0.038631581642374756, 0.0015676461136464983, -0.037063935528728255)
(5.81, -0.03823434514883461, 0.0015355726354624086, -0.036698772513372196)
(5.82, -0.037841865931874705, 0.0015042088416029197, -0.036337657090271785)
(5.83, -0.037454078990993886, 0.0014735378498567328, -0.035980541141137155)
(5.84, -0.03707092032312888, 0.001443543207566985, -0.035627377115561895)
(5.85, -0.03669232690567696, 0.0014142088799927155, -0.035278118025684244)
(5.86, -0.03631823667983579, 0.0013855192390048003, -0.034932717440830985)
(5.87, -0.035948588534254346, 0.0013574590521062213, -0.034591129482148125)
(5.88, -0.03558332228898794, 0.0013300134717667918, -0.03425330881722115)
(5.89, -0.0352223786797522, 0.0013031680250628803, -0.033919210654689315)
(5.9, -0.034865699342468845, 0.0012769086036128491, -0.033588790738856)
(5.91, -0.034513226798098436, 0.001251221453799349, -0.033262005344299087)
(5.92, -0.03416490443775305, 0.0012260931672697464, -0.03293881127048331)
(5.93, -0.03382067650808475, 0.0012015106717064238, -0.032619165836378326)
(5.94, -0.0334804880969428, 0.001177461221858748, -0.032303026875084045)
(5.95, -0.03314428511929552, 0.0011539323908289437, -0.03199035272846658)
(5.96, -0.03281201430341033, 0.0011309120616042059, -0.031681102241806126)
(5.97, -0.032483623177287826, 0.0011083884188277636, -0.03137523475846006)
(5.98, -0.03215906005534394, 0.0010863499408016997, -0.03107271011454224)
(5.99, -0.03183827402533621, 0.0010647853917147047, -0.030773488633621508)
(6.0, -0.03152121493552812, 0.001043683814087984, -0.030477531121440134)
(6.01, -0.03120783338208771, 0.0010230345214329287, -0.030184798860654782)
(6.02, -0.030898080696715517, 0.001002827091114227, -0.029895253605601288)
(6.03, -0.0305919089344972, 0.0009830513574123634, -0.029608857577084837)
(6.04, -0.0302892708619765, 0.0009636974047795993, -0.029325573457196902)
(6.05, -0.029990119945444035, 0.0009447555612837398, -0.029045364384160294)
(6.06, -0.029694410339438006, 0.0009262163922341627, -0.028768193947203844)
(6.07, -0.029402096875452297, 0.0009080706939847497, -0.028494026181467548)
(6.08, -0.029113135050848126, 0.0008903094879085312, -0.028222825562939594)
(6.09, -0.028827481017964954, 0.0008729240145390017, -0.027954557003425952)
(6.1, -0.028545091573427297, 0.000855905727873267, -0.02768918584555403)
(6.11, -0.028265924147642816, 0.0008392462898322449, -0.027426677857810573)
(6.12, -0.02798993679448895, 0.0008229375648734102, -0.02716699922961554)
(6.13, -0.027717088181183215, 0.0008069716147515613, -0.026910116566431653)
(6.14, -0.02744733757833489, 0.0007913406934233977, -0.026655996884911493)
(6.15, -0.027180644850173307, 0.0007760372420916521, -0.026404607608081655)
(6.16, -0.026916970444950613, 0.000761053884384816, -0.026155916560565796)
(6.17, -0.026656275385514096, 0.0007463834216684503, -0.025909891963845647)
(6.18, -0.026398521260046475, 0.0007320188284843758, -0.0256665024315621)
(6.19, -0.026143670212969528, 0.0007179532481139814, -0.025425716964855547)
(6.2, -0.02589168493600872, 0.0007041799882621227, -0.025187504947746596)
(6.21, -0.02564252865941527, 0.0006906925168581235, -0.024951836142557148)
(6.22, -0.025396165143343016, 0.0006774844579705365, -0.02471868068537248)
(6.23, -0.02515255866937684, 0.0006645495878323995, -0.024488009081544443)
(6.24, -0.024911674032209886, 0.0006518818309738239, -0.02425979220123606)
(6.25, -0.024673476531466544, 0.0006394752564588554, -0.02403400127500769)
(6.26, -0.024437931963668627, 0.000627324074223631, -0.023810607889444994)
(6.27, -0.02420500661434212, 0.0006154226315129683, -0.023589583982829152)
(6.28, -0.023974667250261223, 0.0006037654094125504, -0.02337090184084867)
(6.29, -0.02374688111182786, 0.0005923470194740407, -0.02315453409235382)
(6.3, -0.0235216159055835, 0.0005811622004304608, -0.02294045370515304)
(6.31, -0.023298839796851212, 0.0005702058149993045, -0.022728633981851907)
(6.32, -0.02307852140250497, 0.0005594728467708823, -0.02251904855573409)
(6.33, -0.02286062978386445, 0.0005489583971795277, -0.022311671386684922)
(6.34, -0.022645134439712316, 0.0005386576825552991, -0.022106476757157018)
(6.35, -0.022432005299432286, 0.0005285660312539477, -0.021903439268178337)
(6.36, -0.022221212716265107, 0.0005186788808629224, -0.021702533835402184)
(6.37, -0.022012727460680816, 0.0005089917754813145, -0.0215037356851995)
(6.38, -0.021806520713864654, 0.0004995003630716472, -0.02130702035079301)
(6.39, -0.021602564061314628, 0.0004902003928815151, -0.021112363668433113)
(6.4, -0.021400829486548898, 0.00048108771293313115, -0.020919741773615767)
(6.41, -0.021201289364920575, 0.00047215826757888047, -0.020729131097341695)
(6.42, -0.021003916457538064, 0.0004634080951210487, -0.020540508362417016)
(6.43, -0.020808683905289165, 0.00045483332549395, -0.020353850579795215)
(6.44, -0.020615565222966554, 0.0004464301780067101, -0.020169135044959843)
(6.45, -0.02042453429349349, 0.00043819495914505433, -0.019986339334348437)
(6.46, -0.020235565362247115, 0.00043012406043043614, -0.01980544130181668)
(6.47, -0.020048633031477938, 0.00042221395633494575, -0.01962641907514299)
(6.48, -0.019863712254823907, 0.00041446120225046364, -0.019449251052573443)
(6.49, -0.019680778331916813, 0.0004068624325105528, -0.01927391589940626)
(6.5, -0.019499806903079866, 0.00039941435846365677, -0.01910039254461621)
(6.51, -0.019320773944114352, 0.00039211376659618495, -0.018928660177518167)
(6.52, -0.01914365576117402, 0.00038495751670412947, -0.01875869824446989)
(6.53, -0.01896842898572538, 0.0003779425401118768, -0.0185904864456135)
(6.54, -0.01879507056959256, 0.0003710658379369375, -0.018424004731655622)
(6.55, -0.018623557780084943, 0.0003643244793993302, -0.018259233300685615)
(6.56, -0.01845386819520627, 0.0003577156001744175, -0.01809615259503185)
(6.57, -0.018285979698943612, 0.0003512364007880021, -0.01793474329815561)
(6.58, -0.018119870476634915, 0.0003448841450525479, -0.01777498633158237)
(6.59, -0.017955519010413305, 0.0003386561585433967, -0.01761686285186991)
(6.6, -0.017792904074727382, 0.00033254982711391833, -0.017460354247613465)
(6.61, -0.017632004731935477, 0.00032656259544852417, -0.017305442136486954)
(6.62, -0.01747280032797308, 0.00032069196565253803, -0.01715210836232054)
(6.63, -0.017315270488091665, 0.0003149354958779182, -0.017000334992213748)
(6.64, -0.017159395112668025, 0.0003092907989838816, -0.016850104313684142)
(6.65, -0.017005154373082497, 0.0003037555412314778, -0.016701398831851018)
(6.66, -0.016852528707665248, 0.0002983274410112199, -0.016554201266654026)
(6.67, -0.0167014988177089, 0.0002930042676028695, -0.01640849455010603)
(6.68, -0.016552045663546653, 0.0002877838399665269, -0.016264261823580126)
(6.69, -0.01640415046069479, 0.0002826640255641945, -0.016121486435130596)
(6.7, -0.016257794676058136, 0.0002776427392109918, -0.015980151936847143)
(6.71, -0.01611296002419747, 0.0002727179419552371, -0.01584024208224223)
(6.72, -0.01596962846365792, 0.0002678876399866315, -0.01570174082367129)
(6.73, -0.01582778219335712, 0.000263149883571799, -0.01556463230978532)
(6.74, -0.01568740364903198, 0.0002585027660164516, -0.015428900883015528)
(6.75, -0.015548475499743298, 0.0002539444226534849, -0.015294531077089814)
(6.76, -0.01541098064443699, 0.0002494730298563146, -0.015161507614580674)
(6.77, -0.01527490220856088, 0.0002450868040767837, -0.015029815404484097)
(6.78, -0.01514022354073636, 0.00024078400090700366, -0.014899439539829355)
(6.79, -0.015006928209483697, 0.0002365629141644933, -0.014770365295319204)
(6.8, -0.014875, 0.000232421875, -0.014642578125)
(6.81, -0.014744422910989227, 0.0002283592510274202, -0.014516063659961807)
(6.82, -0.014615181151543026, 0.00022437344547522958, -0.014390807706067796)
(6.83, -0.014487259138071674, 0.00022046289635886684, -0.014266796241712808)
(6.84, -0.014360641491284125, 0.00021662607567352014, -0.014144015415610604)
(6.85, -0.014235313033216459, 0.0002128614886067882, -0.01402245154460967)
(6.86, -0.014111258784307735, 0.00020916767277069564, -0.013902091111537038)
(6.87, -0.013988463960522597, 0.00020554319745256258, -0.013782920763070035)
(6.88, -0.013866913970519569, 0.00020198666288423405, -0.013664927307635334)
(6.89, -0.013746594412864513, 0.0001984966995291994, -0.013548097713335313)
(6.9, -0.013627491073288308, 0.000195071967387135, -0.013432419105901173)
(6.91, -0.013509589921988044, 0.00019171115531542115, -0.013317878766672623)
(6.92, -0.01339287711097091, 0.0001884129803671938, -0.013204464130603716)
(6.93, -0.013277338971440164, 0.00018517618714550813, -0.013092162784294656)
(6.94, -0.013162962011222306, 0.00018199954717319493, -0.012980962464049112)
(6.95, -0.013049732912234945, 0.00017888185827801256, -0.012870851053956932)
(6.96, -0.012937638527994384, 0.00017582194399269401, -0.01276181658400169)
(6.97, -0.012826665881162498, 0.00017281865296951487, -0.012653847228192983)
(6.98, -0.012716802161132173, 0.0001698708584090083, -0.012546931302723165)
(6.99, -0.01260803472165049, 0.00016697745750246255, -0.012441057264148028)
(7.0, -0.012500351078479204, 0.00016413737088785316, -0.01233621370759135)
(7.01, -0.012393738907091782, 0.00016134954211886619, -0.012232389364972915)
(7.02, -0.012288186040406433, 0.00015861293714668017, -0.012129573103259753)
(7.03, -0.012183680466554365, 0.000155926543814179, -0.012027753922740187)
(7.04, -0.012080210326683015, 0.00015328937136228882, -0.011926920955320726)
(7.05, -0.011977763912793168, 0.00015070044994812008, -0.011827063462845048)
(7.06, -0.011876329665609845, 0.00014815883017462654, -0.011728170835435219)
(7.07, -0.011775896172486113, 0.00014566358263148432, -0.01163023258985463)
(7.08, -0.011676452165339418, 0.00014321379744691132, -0.011533238367892506)
(7.09, -0.011577986518619725, 0.00014080858385014715, -0.011437177934769577)
(7.1, -0.011480488247309108, 0.00013844706974433044, -0.011342041177564778)
(7.11, -0.011383946504952122, 0.00013612840128950803, -0.011247818103662615)
(7.12, -0.011288350581716608, 0.00013385174249552697, -0.01115449883922108)
(7.13, -0.011193689902484111, 0.0001316162748245533, -0.011062073627659558)
(7.14, -0.01109995402496984, 0.00012942119680298757, -0.010970532828166853)
(7.15, -0.011007132637871259, 0.00012726572364253226, -0.010879866914228726)
(7.16, -0.010915215559045212, 0.00012514908687019188, -0.01079006647217502)
(7.17, -0.010824192733712682, 0.00012307053396697318, -0.01070112219974571)
(7.18, -0.01073405423269119, 0.00012102932801507948, -0.01061302490467611)
(7.19, -0.010644790250653992, 0.00011902474735338055, -0.01052576550330061)
(7.2, -0.010556391104415868, 0.0001170560852409564, -0.010439335019174913)
(7.21, -0.010468847231244876, 0.00011512264952851207, -0.010353724581716364)
(7.22, -0.010382149187199829, 0.00011322376233747277, -0.010268925424862355)
(7.23, -0.010296287645492954, 0.00011135875974656599, -0.010184928885746387)
(7.24, -0.010211253394877334, 0.00010952699148570783, -0.010101726403391626)
(7.25, -0.010127037338058692, 0.00010772782063701144, -0.01001930951742168)
(7.26, -0.010043630490131239, 0.00010596062334274566, -0.009937669866788493)
(7.27, -0.009961023977037037, 0.00010422478852007012, -0.009856799188516967)
(7.28, -0.009879209034048604, 0.0001025197175823819, -0.009776689316466223)
(7.29, -0.009798177004274338, 0.0001008448241671118, -0.009697332180107225)
(7.3, -0.009717919337186293, 9.919953386981019e-05, -0.009618719803316482)
(7.31, -0.00963842758717021, 9.75832839843737e-05, -0.009540844303185836)
(7.32, -0.009559693412097073, 9.599552324925648e-05, -0.009463697888847817)
(7.33, -0.009481708571916178, 9.443571159952595e-05, -0.009387272860316652)
(7.34, -0.009404464927269112, 9.290331992461641e-05, -0.009311561607344495)
(7.35, -0.009327954438124458, 9.139782983164472e-05, -0.009236556608292814)
(7.36, -0.009252169162432825, 8.991873341415222e-05, -0.009162250429018673)
(7.37, -0.009177101254801907, 8.846553302614154e-05, -0.009088635721775765)
(7.38, -0.009102742965191153, 8.703774106127838e-05, -0.009015705224129875)
(7.39, -0.009029086637625859, 8.563487973713638e-05, -0.008943451757888722)
(7.4, -0.008956124708930332, 8.425648088436178e-05, -0.00887186822804597)
(7.41, -0.008883849707479735, 8.290208574063843e-05, -0.008800947621739098)
(7.42, -0.008812254251970393, 8.157124474933852e-05, -0.008730683007221055)
(7.43, -0.008741331050208282, 8.026351736274728e-05, -0.008661067532845535)
(7.44, -0.008671072897915303, 7.897847184974924e-05, -0.008592094426065554)
(7.45, -0.008601472677553196, 7.7715685107872e-05, -0.008523756992445324)
(7.46, -0.008532523357164682, 7.647474247958076e-05, -0.0084560486146851)
(7.47, -0.008464217989231625, 7.525523757272297e-05, -0.008388962751658902)
(7.48, -0.008396549709549938, 7.40567720850243e-05, -0.008322492937464914)
(7.49, -0.008329511736120974, 7.287895563253892e-05, -0.008256632780488436)
(7.5, -0.00826309736805908, 7.172140558195894e-05, -0.008191375962477121)
(7.51, -0.008197299984515148, 7.058374688669333e-05, -0.008126716237628454)
(7.52, -0.008132113043615804, 6.946561192662424e-05, -0.00806264743168918)
(7.53, -0.008067530081418087, 6.836664035145562e-05, -0.007999163441066631)
(7.54, -0.008003544710879336, 6.728647892756786e-05, -0.007936258231951768)
(7.55, -0.00794015062084197, 6.62247813882953e-05, -0.007873925839453675)
(7.56, -0.00787734157503306, 6.518120828754656e-05, -0.0078121603667455145)
(7.57, -0.007815111411078357, 6.415542685668816e-05, -0.007750955984221669)
(7.58, -0.007753454039530598, 6.314711086461488e-05, -0.007690306928665984)
(7.59, -0.0076923634429118225, 6.215594048093092e-05, -0.007630207502430892)
(7.6, -0.0076318336747695295, 6.118160214217038e-05, -0.007570652072627359)
(7.61, -0.007571858858746415, 6.022378842098378e-05, -0.007511635070325431)
(7.62, -0.007512433187663519, 5.928219789822297e-05, -0.007453150989765296)
(7.63, -0.007453550922616522, 5.835653503785463e-05, -0.007395194387578667)
(7.64, -0.007395206392085004, 5.7446510064637505e-05, -0.007337759882020367)
(7.65, -0.007337393991054508, 5.655183884449873e-05, -0.007280842152210009)
(7.66, -0.007280108180151153, 5.567224276754594e-05, -0.007224435937383607)
(7.67, -0.0072233434847885775, 5.480744863365293e-05, -0.007168536036154924)
(7.68, -0.007167094494327128, 5.395718854056116e-05, -0.007113137305786567)
(7.69, -0.007111355861244989, 5.31211997744364e-05, -0.007058234661470553)
(7.7, -0.00705612230032113, 5.229922470282474e-05, -0.007003823075618305)
(7.71, -0.007001388587829878, 5.149101066995217e-05, -0.006949897577159927)
(7.72, -0.006947149560746919, 5.069630989431315e-05, -0.006896453250852606)
(7.73, -0.006893400115966557, 4.991487936849551e-05, -0.006843485236598061)
(7.74, -0.006840135209530093, 4.914648076119042e-05, -0.006790988728768902)
(7.75, -0.006787349855865074, 4.8390880321335755e-05, -0.006738958975543738)
(7.76, -0.006735039127035322, 4.764784878434529e-05, -0.006687391278250977)
(7.77, -0.006683198152001551, 4.6917161280374945e-05, -0.006636280990721176)
(7.78, -0.006631822115892374, 4.6198597244579e-05, -0.0065856235186477945)
(7.79, -0.006580906259285605, 4.549194032931141e-05, -0.0065354143189562935)
(7.8, -0.006530445877499632, 4.479697831822683e-05, -0.006485648899181406)
(7.81, -0.006480436319894774, 4.4113503042238774e-05, -0.006436322816852535)
(7.82, -0.006430872989184398, 4.3441310297291476e-05, -0.006387431678887107)
(7.83, -0.006381751340755716, 4.278019976390481e-05, -0.006338971140991811)
(7.84, -0.006333066882000049, 4.212997492845151e-05, -0.006290936907071598)
(7.85, -0.00628481517165248, 4.1490443006127304e-05, -0.006243324728646352)
(7.86, -0.006236991819140673, 4.08614148655753e-05, -0.006196130404275097)
(7.87, -0.0061895924839428336, 4.024270495512775e-05, -0.006149349778987706)
(7.88, -0.006142612874954531, 3.9634131230627284e-05, -0.006102978743723904)
(7.89, -0.006096048749864359, 3.903551508479287e-05, -0.0060570132347795656)
(7.9, -0.006049895914538261, 3.844668127809532e-05, -0.006011449233260165)
(7.91, -0.006004150222412393, 3.7867457871107974e-05, -0.005966282764541285)
(7.92, -0.005958807573894362, 3.729767615829917e-05, -0.005921509897736063)
(7.93, -0.005913863915772775, 3.673717060323457e-05, -0.0058771267451695405)
(7.94, -0.005869315240634943, 3.618577877515717e-05, -0.005833129461859786)
(7.95, -0.005825157586292597, 3.564334128691407e-05, -0.005789514245005683)
(7.96, -0.005781387035215531, 3.510970173419983e-05, -0.005746277333481331)
(7.97, -0.0057379997139730115, 3.458470663608652e-05, -0.005703415007336925)
(7.98, -0.005694991792682914, 3.4068205376812765e-05, -0.005660923587306101)
(7.99, -0.005652359484468371, 3.3560050148802046e-05, -0.005618799434319569)
