(2.0, 10.0)
(2.01, 10.0)
(2.02, 10.0)
(2.03, 10.0)
(2.04, 10.0)
(2.05, 10.0)
(2.06, 10.0)
(2.07, 10.0)
(2.08, 10.0)
(2.09, 10.0)
(2.1, 10.0)
(2.11, 10.0)
(2.12, 10.0)
(2.13, 10.0)
(2.14, 10.0)
(2.15, 10.0)
(2.16, 10.0)
(2.17, 10.0)
(2.18, 10.0)
(2.19, 10.0)
(2.2, 10.0)
(2.21, 10.0)
(2.22, 10.0)
(2.23, 10.0)
(2.24, 10.0)
(2.25, 10.0)
(2.26, 10.0)
(2.27, 10.0)
(2.28, 10.0)
(2.29, 10.0)
(2.3, 10.0)
(2.31, 10.0)
(2.32, 10.0)
(2.33, 10.0)
(2.34, 10.0)
(2.35, 10.0)
(2.36, 10.0)
(2.37, 10.0)
(2.38, 10.0)
(2.39, 10.0)
(2.4, 10.0)
(2.41, 10.0)
(2.42, 10.0)
(2.43, 10.0)
(2.44, 10.0)
(2.45, 10.0)
(2.46, 10.0)
(2.47, 10.0)
(2.48, 10.0)
(2.49, 10.0)
(2.5, 10.0)
(2.51, 10.0)
(2.52, 10.0)
(2.53, 10.0)
(2.54, 10.0)
(2.55, 10.0)
(2.56, 10.0)
(2.57, 10.0)
(2.58, 10.0)
(2.59, 10.0)
(2.6, 10.0)
(2.61, 10.0)
(2.62, 10.0)
(2.63, 10.0)
(2.64, 10.0)
(2.65, 10.0)
(2.66, 10.0)
(2.67, 10.0)
(2.68, 10.0)
(2.69, 10.0)
(2.7, 10.0)
(2.71, 10.0)
(2.72, 10.0)
(2.73, 9.704097163092456)
(2.74, 9.212115193768337)
(2.75, 8.744558305637916)
(2.76, 8.30017113393226)
(2.77, 7.877766124499008)
(2.78, 7.4762196701466035)
(2.79, 7.094468479133366)
(2.8, 6.7315061611177045)
(2.81, 6.386380016860214)
(2.82, 6.058188018877464)
(2.83, 5.746075971090806)
(2.84, 5.449234836301339)
(2.85, 5.166898221052964)
(2.86, 4.898340008128384)
(2.87, 4.642872127557312)
(2.88, 4.399842457608525)
(2.89, 4.16863284778848)
(2.9, 3.9486572563840725)
(2.91, 3.739359995565578)
(2.92, 3.540214077514122)
(2.93, 3.3507196554541716)
(2.94, 3.170402553861551)
(2.95, 2.998812882480224)
(2.96, 2.835523729120686)
(2.97, 2.680129926529093)
(2.98, 2.532246888912566)
(2.99, 2.3915095139817497)
(3.0, 2.257571146630583)
(3.01, 2.130102600614081)
(3.02, 2.008791234810743)
(3.03, 1.893340080867098)
(3.04, 1.7834670192190638)
(3.05, 1.6789040006695546)
(3.06, 1.5793963108741955)
(3.07, 1.484701875248804)
(3.08, 1.394590601963367)
(3.09, 1.3088437608290289)
(3.1, 1.2272533960170966)
(3.11, 1.1496217706733645)
(3.12, 1.07576084160735)
(3.13, 1.0054917623452004)
(3.14, 0.9386444129370883)
(3.15, 0.8750569550058236)
(3.16, 0.8145754106132159)
(3.17, 0.7570532636049168)
(3.18, 0.7023510821735632)
(3.19, 0.6503361614541292)
(3.2, 0.6008821850349757)
(3.21, 0.5538689043333793)
(3.22, 0.5091818348456252)
(3.23, 0.4667119683392511)
(3.24, 0.426355500109169)
(3.25, 0.3880135704700267)
(3.26, 0.3515920197049771)
(3.27, 0.31700115573577214)
(3.28, 0.2841555338212127)
(3.29, 0.25297374763060154)
(3.3, 0.22337823107605703)
(3.31, 0.1952950703225187)
(3.32, 0.1686538254272254)
(3.33, 0.14338736109138095)
(3.34, 0.11943168603590837)
(3.35, 0.09672580054050184)
(3.36, 0.0752115517111358)
(3.37, 0.05483349606533894)
(3.38, 0.0355387690474972)
(3.39, 0.017276961107959954)
(3.4, 0.0)
(3.41, -0.0163379610322133)
(3.42, -0.0317806494834455)
(3.43, -0.0463697745269257)
(3.44, -0.06014512293942975)
(3.45, -0.07314465027274675)
(3.46, -0.08540456751811243)
(3.47, -0.09695942349682118)
(3.48, -0.10784218319756589)
(3.49, -0.11808430226916111)
(3.5, -0.1277157978660225)
(3.51, -0.13676531603320974)
(3.52, -0.14526019580777794)
(3.53, -0.15322653020375976)
(3.54, -0.16068922423917398)
(3.55, -0.16767205015500541)
(3.56, -0.17419769996818446)
(3.57, -0.18028783549303273)
(3.58, -0.1859631359585876)
(3.59, -0.19124334334247067)
(3.6, -0.19614730553565818)
(3.61, -0.2006930174465006)
(3.62, -0.20489766014669009)
(3.63, -0.20877763815651307)
(3.64, -0.2123486149616744)
(3.65, -0.21562554684918023)
(3.66, -0.2186227151452581)
(3.67, -0.22135375693399434)
(3.68, -0.22383169433133332)
(3.69, -0.22606896238523755)
(3.7, -0.22807743566919542)
(3.71, -0.22986845363281455)
(3.72, -0.2314528447700065)
(3.73, -0.23284094966217683)
(3.74, -0.23404264295093646)
(3.75, -0.2350673542920773)
(3.76, -0.23592408833995854)
(3.77, -0.23662144380895955)
(3.78, -0.23716763165632515)
(3.79, -0.23757049242849576)
(3.8, -0.23783751281092003)
(3.81, -0.23797584141934394)
(3.82, -0.23799230386868503)
(3.83, -0.23789341715380563)
(3.84, -0.2376854033747977)
(3.85, -0.23737420283778216)
(3.86, -0.23696548656069616)
(3.87, -0.23646466821208997)
(3.88, -0.2358769155095823)
(3.89, -0.23520716110331633)
(3.9, -0.23446011296851937)
(3.91, -0.2336402643300956)
(3.92, -0.23275190314106578)
(3.93, -0.23179912113560663)
(3.94, -0.23078582247644064)
(3.95, -0.22971573201537024)
(3.96, -0.22859240318484575)
(3.97, -0.2274192255375926)
(3.98, -0.22619943195051148)
(3.99, -0.22493610550828141)
(4.0, -0.22363218608136412)
(4.01, -0.22229047661240292)
(4.02, -0.22091364912434516)
(4.03, -0.219504250462984)
(4.04, -0.2180647077860117)
(4.05, -0.21659733381010804)
(4.06, -0.21510433182703892)
(4.07, -0.21358780049922865)
(4.08, -0.212049738444772)
(4.09, -0.21049204862138823)
(4.1, -0.20891654251837327)
(4.11, -0.2073249441651839)
(4.12, -0.20571889396488358)
(4.13, -0.2040999523602956)
(4.14, -0.2024696033403519)
(4.15, -0.20082925779376737)
(4.16, -0.1991802567168517)
(4.17, -0.19752387428194443)
(4.18, -0.1958613207726716)
(4.19, -0.19419374539192863)
(4.2, -0.1925222389482273)
(4.21, -0.19084783642578326)
(4.22, -0.18917151944348004)
(4.23, -0.1874942186076054)
(4.24, -0.18581681576303521)
(4.25, -0.18414014614732793)
(4.26, -0.18246500045198968)
(4.27, -0.18079212679497683)
(4.28, -0.1791222326083181)
(4.29, -0.17745598644456717)
(4.3, -0.17579401970562153)
(4.31, -0.17413692829729335)
(4.32, -0.17248527421286017)
(4.33, -0.17083958704868096)
(4.34, -0.1692003654548233)
(4.35, -0.16756807852351804)
(4.36, -0.16594316711813145)
(4.37, -0.16432604514522428)
(4.38, -0.1627171007721525)
(4.39, -0.16111669759255953)
(4.4, -0.1595251757420001)
(4.41, -0.15794285296584193)
(4.42, -0.15637002564149133)
(4.43, -0.1548069697569056)
(4.44, -0.15325394184726226)
(4.45, -0.15171117989157598)
(4.46, -0.15017890417097535)
(4.47, -0.14865731809027788)
(4.48, -0.1471466089644258)
(4.49, -0.1456469487712837)
(4.5, -0.14415849487222482)
(4.51, -0.14268139070188124)
(4.52, -0.14121576642836353)
(4.53, -0.1397617395852056)
(4.54, -0.1383194156762329)
(4.55, -0.1368888887545009)
(4.56, -0.13547024197640173)
(4.57, -0.13406354813198926)
(4.58, -0.1326688701525281)
(4.59, -0.1312862615962262)
(4.6, -0.12991576711307454)
(4.61, -0.12855742288967195)
(4.62, -0.12721125707488184)
(4.63, -0.12587729018712318)
(4.64, -0.12455553550407347)
(4.65, -0.12324599943551953)
(4.66, -0.12194868188006813)
(4.67, -0.1206635765663891)
(4.68, -0.11939067137964682)
(4.69, -0.11812994867373611)
(4.7, -0.11688138556992164)
(4.71, -0.11564495424244874)
(4.72, -0.11442062219167284)
(4.73, -0.11320835250523029)
(4.74, -0.11200810410775115)
(4.75, -0.11081983199959414)
(4.76, -0.10964348748506256)
(4.77, -0.10847901839054312)
(4.78, -0.10732636927298743)
(4.79, -0.10618548161914154)
(4.8, -0.10505629403591012)
(4.81, -0.10393874243222659)
(4.82, -0.10283276019278431)
(4.83, -0.10173827834396952)
(4.84, -0.100655225712322)
(4.85, -0.09958352907583663)
(4.86, -0.09852311330840555)
(4.87, -0.09747390151768812)
(4.88, -0.09643581517668287)
(4.89, -0.09540877424926697)
(4.9, -0.09439269730995488)
(4.91, -0.09338750165811976)
(4.92, -0.0923931034269071)
(4.93, -0.09140941768706766)
(4.94, -0.09043635854591889)
(4.95, -0.08947383924164282)
(4.96, -0.0885217722331137)
(4.97, -0.08758006928544612)
(4.98, -0.08664864155144167)
(4.99, -0.0857273996491089)
(5.0, -0.08481625373542054)
(5.01, -0.08391511357646822)
(5.02, -0.08302388861416617)
(5.03, -0.08214248802965084)
(5.04, -0.08127082080351564)
(5.05, -0.08040879577301539)
(5.06, -0.07955632168636904)
(5.07, -0.0787133072542854)
(5.08, -0.07787966119882803)
(5.09, -0.07705529229973497)
(5.1, -0.07624010943830083)
(5.11, -0.07543402163892576)
(5.12, -0.07463693810843315)
(5.13, -0.07384876827324866)
(5.14, -0.07306942181453632)
(5.15, -0.07229880870137717)
(5.16, -0.07153683922207717)
(5.17, -0.07078342401368373)
(5.18, -0.0700384740897902)
(5.19, -0.0693019008667024)
(5.2, -0.06857361618803859)
(5.21, -0.0678535323478316)
(5.22, -0.0671415621121996)
(5.23, -0.06643761873964753)
(5.24, -0.06574161600006129)
(5.25, -0.06505346819245039)
(5.26, -0.06437309016149757)
(5.27, -0.06370039731296669)
(5.28, -0.06303530562802066)
(5.29, -0.062377731676499036)
(5.3, -0.061727592629201314)
(5.31, -0.06108480626922235)
(5.32, -0.06044929100238163)
(5.33, -0.059820965866789644)
(5.34, -0.05919975054158909)
(5.35, -0.05858556535491117)
(5.36, -0.05797833129108169)
(5.37, -0.05737796999711366)
(5.38, -0.056784403788518026)
(5.39, -0.05619755565446677)
(5.4, -0.055617349262337974)
(5.41, -0.05504370896167285)
(5.42, -0.05447655978757256)
(5.43, -0.053915827463563305)
(5.44, -0.05336143840395374)
(5.45, -0.05281331971571225)
(5.46, -0.05227139919988483)
(5.47, -0.051735605352579365)
(5.48, -0.05120586736553674)
(5.49, -0.05068211512631029)
(5.5, -0.0501642792180729)
(5.51, -0.049652290919072584)
(5.52, -0.04914608220175372)
(5.53, -0.04864558573156195)
(5.54, -0.04815073486545038)
(5.55, -0.047661463650101925)
(5.56, -0.047177706819884854)
(5.57, -0.04669939979455527)
(5.58, -0.04622647867672153)
(5.59, -0.0457588802490834)
(5.6, -0.045296541971460116)
(5.61, -0.04483940197761844)
(5.62, -0.04438739907191431)
(5.63, -0.04394047272575751)
(5.64, -0.043498563073912117)
(5.65, -0.0430616109106423)
(5.66, -0.04262955768571329)
(5.67, -0.04220234550025749)
(5.68, -0.04177991710251469)
(5.69, -0.04136221588345515)
(5.7, -0.040949185872293924)
(5.71, -0.04054077173190396)
(5.72, -0.04013691875413631)
(5.73, -0.03973757285505431)
(5.74, -0.039342680570088516)
(5.75, -0.038952189049119124)
(5.76, -0.03856604605149242)
(5.77, -0.03818419994097724)
(5.78, -0.037806599680666665)
(5.79, -0.037433194827831286)
(5.8, -0.037063935528728255)
(5.81, -0.036698772513372196)
(5.82, -0.036337657090271785)
(5.83, -0.035980541141137155)
(5.84, -0.035627377115561895)
(5.85, -0.035278118025684244)
(5.86, -0.034932717440830985)
(5.87, -0.034591129482148125)
(5.88, -0.03425330881722115)
(5.89, -0.033919210654689315)
(5.9, -0.033588790738856)
(5.91, -0.033262005344299087)
(5.92, -0.03293881127048331)
(5.93, -0.032619165836378326)
(5.94, -0.032303026875084045)
(5.95, -0.03199035272846658)
(5.96, -0.031681102241806126)
(5.97, -0.03137523475846006)
(5.98, -0.03107271011454224)
(5.99, -0.030773488633621508)
(6.0, -0.030477531121440134)
(6.01, -0.030184798860654782)
(6.02, -0.029895253605601288)
(6.03, -0.029608857577084837)
(6.04, -0.029325573457196902)
(6.05, -0.029045364384160294)
(6.06, -0.028768193947203844)
(6.07, -0.028494026181467548)
(6.08, -0.028222825562939594)
(6.09, -0.027954557003425952)
(6.1, -0.02768918584555403)
(6.11, -0.027426677857810573)
(6.12, -0.02716699922961554)
(6.13, -0.026910116566431653)
(6.14, -0.026655996884911493)
(6.15, -0.026404607608081655)
(6.16, -0.026155916560565796)
(6.17, -0.025909891963845647)
(6.18, -0.0256665024315621)
(6.19, -0.025425716964855547)
(6.2, -0.025187504947746596)
(6.21, -0.024951836142557148)
(6.22, -0.02471868068537248)
(6.23, -0.024488009081544443)
(6.24, -0.02425979220123606)
(6.25, -0.02403400127500769)
(6.26, -0.023810607889444994)
(6.27, -0.023589583982829152)
(6.28, -0.02337090184084867)
(6.29, -0.02315453409235382)
(6.3, -0.02294045370515304)
(6.31, -0.022728633981851907)
(6.32, -0.02251904855573409)
(6.33, -0.022311671386684922)
(6.34, -0.022106476757157018)
(6.35, -0.021903439268178337)
(6.36, -0.021702533835402184)
(6.37, -0.0215037356851995)
(6.38, -0.02130702035079301)
(6.39, -0.021112363668433113)
(6.4, -0.020919741773615767)
(6.41, -0.020729131097341695)
(6.42, -0.020540508362417016)
(6.43, -0.020353850579795215)
(6.44, -0.020169135044959843)
(6.45, -0.019986339334348437)
(6.46, -0.01980544130181668)
(6.47, -0.01962641907514299)
(6.48, -0.019449251052573443)
(6.49, -0.01927391589940626)
(6.5, -0.01910039254461621)
(6.51, -0.018928660177518167)
(6.52, -0.01875869824446989)
(6.53, -0.0185904864456135)
(6.54, -0.018424004731655622)
(6.55, -0.018259233300685615)
(6.56, -0.01809615259503185)
(6.57, -0.01793474329815561)
(6.58, -0.01777498633158237)
(6.59, -0.01761686285186991)
(6.6, -0.017460354247613465)
(6.61, -0.017305442136486954)
(6.62, -0.01715210836232054)
(6.63, -0.017000334992213748)
(6.64, -0.016850104313684142)
(6.65, -0.016701398831851018)
(6.66, -0.016554201266654026)
(6.67, -0.01640849455010603)
(6.68, -0.016264261823580126)
(6.69, -0.016121486435130596)
(6.7, -0.015980151936847143)
(6.71, -0.01584024208224223)
(6.72, -0.01570174082367129)
(6.73, -0.01556463230978532)
(6.74, -0.015428900883015528)
(6.75, -0.015294531077089814)
(6.76, -0.015161507614580674)
(6.77, -0.015029815404484097)
(6.78, -0.014899439539829355)
(6.79, -0.014770365295319204)
(6.8, -0.014642578125)
(6.81, -0.014516063659961807)
(6.82, -0.014390807706067796)
(6.83, -0.014266796241712808)
(6.84, -0.014144015415610604)
(6.85, -0.01402245154460967)
(6.86, -0.013902091111537038)
(6.87, -0.013782920763070035)
(6.88, -0.013664927307635334)
(6.89, -0.013548097713335313)
(6.9, -0.013432419105901173)
(6.91, -0.013317878766672623)
(6.92, -0.013204464130603716)
(6.93, -0.013092162784294656)
(6.94, -0.012980962464049112)
(6.95, -0.012870851053956932)
(6.96, -0.01276181658400169)
(6.97, -0.012653847228192983)
(6.98, -0.012546931302723165)
(6.99, -0.012441057264148028)
(7.0, -0.01233621370759135)
(7.01, -0.012232389364972915)
(7.02, -0.012129573103259753)
(7.03, -0.012027753922740187)
(7.04, -0.011926920955320726)
(7.05, -0.011827063462845048)
(7.06, -0.011728170835435219)
(7.07, -0.01163023258985463)
(7.08, -0.011533238367892506)
(7.09, -0.011437177934769577)
(7.1, -0.011342041177564778)
(7.11, -0.011247818103662615)
(7.12, -0.01115449883922108)
(7.13, -0.011062073627659558)
(7.14, -0.010970532828166853)
(7.15, -0.010879866914228726)
(7.16, -0.01079006647217502)
(7.17, -0.01070112219974571)
(7.18, -0.01061302490467611)
(7.19, -0.01052576550330061)
(7.2, -0.010439335019174913)
(7.21, -0.010353724581716364)
(7.22, -0.010268925424862355)
(7.23, -0.010184928885746387)
(7.24, -0.010101726403391626)
(7.25, -0.01001930951742168)
(7.26, -0.009937669866788493)
(7.27, -0.009856799188516967)
(7.28, -0.009776689316466223)
(7.29, -0.009697332180107225)
(7.3, -0.009618719803316482)
(7.31, -0.009540844303185836)
(7.32, -0.009463697888847817)
(7.33, -0.009387272860316652)
(7.34, -0.009311561607344495)
(7.35, -0.009236556608292814)
(7.36, -0.009162250429018673)
(7.37, -0.009088635721775765)
(7.38, -0.009015705224129875)
(7.39, -0.008943451757888722)
(7.4, -0.00887186822804597)
(7.41, -0.008800947621739098)
(7.42, -0.008730683007221055)
(7.43, -0.008661067532845535)
(7.44, -0.008592094426065554)
(7.45, -0.008523756992445324)
(7.46, -0.0084560486146851)
(7.47, -0.008388962751658902)
(7.48, -0.008322492937464914)
(7.49, -0.008256632780488436)
(7.5, -0.008191375962477121)
(7.51, -0.008126716237628454)
(7.52, -0.00806264743168918)
(7.53, -0.007999163441066631)
(7.54, -0.007936258231951768)
(7.55, -0.007873925839453675)
(7.56, -0.0078121603667455145)
(7.57, -0.007750955984221669)
(7.58, -0.007690306928665984)
(7.59, -0.007630207502430892)
(7.6, -0.007570652072627359)
(7.61, -0.007511635070325431)
(7.62, -0.007453150989765296)
(7.63, -0.007395194387578667)
(7.64, -0.007337759882020367)
(7.65, -0.007280842152210009)
(7.66, -0.007224435937383607)
(7.67, -0.007168536036154924)
(7.68, -0.007113137305786567)
(7.69, -0.007058234661470553)
(7.7, -0.007003823075618305)
(7.71, -0.006949897577159927)
(7.72, -0.006896453250852606)
(7.73, -0.006843485236598061)
(7.74, -0.006790988728768902)
(7.75, -0.006738958975543738)
(7.76, -0.006687391278250977)
(7.77, -0.006636280990721176)
(7.78, -0.0065856235186477945)
(7.79, -0.0065354143189562935)
(7.8, -0.006485648899181406)
(7.81, -0.006436322816852535)
(7.82, -0.006387431678887107)
(7.83, -0.006338971140991811)
(7.84, -0.006290936907071598)
(7.85, -0.006243324728646352)
(7.86, -0.006196130404275097)
(7.87, -0.006149349778987706)
(7.88, -0.006102978743723904)
(7.89, -0.0060570132347795656)
(7.9, -0.006011449233260165)
(7.91, -0.005966282764541285)
(7.92, -0.005921509897736063)
(7.93, -0.0058771267451695405)
(7.94, -0.005833129461859786)
(7.95, -0.005789514245005683)
(7.96, -0.005746277333481331)
(7.97, -0.005703415007336925)
(7.98, -0.005660923587306101)
(7.99, -0.005618799434319569)
